#Tag1,Tag2,Startframe,Stopframe,Starttime,Stoptime,Box,Xcoor1,Ycoor1,Angle1,Xcoor2,Ycorr2,Angle2,Direction,Detections
25,215,600050,600054,1390257057.18,1390257059.18,62,1364,3357,9733,1177,3421,-543,-5,5
25,592,600088,600092,1390257076.18,1390257078.18,62,1351,3349,11273,1246,3541,5497,-5,5
25,215,600088,600088,1390257076.18,1390257076.18,62,1352,3346,11394,1551,3352,-14066,-1,1
215,592,600094,600094,1390257079.18,1390257079.18,62,1355,3612,15733,1270,3429,6917,1,1
25,592,600118,600118,1390257091.18,1390257091.18,62,955,3728,12094,1177,3745,-9982,-1,1
44,215,600122,600123,1390257093.18,1390257093.68,62,1390,2368,-10178,1162,2370,2232,-2,2
25,44,600202,600210,1390257133.17,1390257137.17,62,1122,2384,-2120,1306,2477,-10178,8,9
25,44,600314,600321,1390257189.17,1390257192.67,62,1169,2305,-1527,1309,2478,-10328,8,8
25,592,600315,600321,1390257189.67,1390257192.67,62,1171,2308,-1589,1172,2135,-8822,-7,7
25,44,600327,600328,1390257195.67,1390257196.17,62,1188,2301,-605,1310,2480,-10478,2,2
44,592,600330,600332,1390257197.17,1390257198.17,62,1308,2479,-10444,1418,2284,-15548,-3,3
25,592,600347,600352,1390257205.67,1390257208.17,62,1382,2334,16371,1200,2339,-12828,5,5
25,44,600348,600348,1390257206.17,1390257206.17,62,1467,2388,15694,1305,2476,-9878,1,1
44,592,600356,600358,1390257210.17,1390257211.17,62,1306,2476,-9928,1221,2349,-5231,-2,2
25,44,600359,600361,1390257211.67,1390257212.67,62,1150,2361,-541,1307,2477,-9978,3,3
25,592,600364,600365,1390257214.17,1390257214.67,62,1378,2230,-2255,1382,2438,-15632,2,2
44,592,600369,600370,1390257216.67,1390257217.17,62,1305,2476,-9878,1371,2362,-16431,-2,2
25,592,600373,600374,1390257218.67,1390257219.17,62,1171,2042,-14304,1330,2152,13816,-2,2
215,592,600710,600710,1390257387.18,1390257387.18,62,1739,1973,-12666,1793,2200,-2482,1,1
44,592,600725,600730,1390257394.68,1390257397.18,62,1085,1530,-4095,1033,1652,10673,-3,3
25,44,600730,600730,1390257397.18,1390257397.18,62,1364,1800,13894,1165,1532,-8978,-1,1
44,592,601223,601236,1390257643.66,1390257650.15,62,1308,2174,10909,1389,1992,-7360,-1,9
25,592,601226,601231,1390257645.16,1390257647.65,62,1529,1936,-13388,1382,1983,-7998,6,6
25,44,601235,601243,1390257649.65,1390257653.65,62,1266,2139,-13463,1295,2159,8993,3,5
25,592,601236,601238,1390257650.15,1390257651.15,62,1367,2178,16044,1418,2122,-8782,-2,2
25,592,601244,601249,1390257654.15,1390257656.65,62,1162,2149,-6003,1231,2276,15496,2,5
25,215,601253,601253,1390257658.65,1390257658.65,62,1161,2192,-10305,969,2223,5133,-1,1
215,592,601256,601259,1390257660.15,1390257661.65,62,1255,2040,6633,1041,1993,-3831,-1,2
44,592,601264,601276,1390257664.15,1390257670.15,62,1544,1954,15666,1445,1830,-1608,-2,11
25,592,601269,601269,1390257666.65,1390257666.65,62,1318,2004,11294,1369,1798,317,1,1
25,44,601270,601274,1390257667.15,1390257669.15,62,1320,1976,8969,1539,1973,15320,-2,4
25,215,601274,601277,1390257669.15,1390257670.65,62,1247,2149,12791,1161,1993,-3593,-2,3
215,592,601278,601282,1390257671.15,1390257673.15,62,1356,2072,1739,1531,1947,-9739,1,5
215,592,601287,601288,1390257675.65,1390257676.15,62,1377,1921,1383,1522,1983,-15531,0,2
215,592,601294,601294,1390257679.15,1390257679.15,62,1297,1997,-3966,1290,2127,14517,0,1
25,592,602210,602211,1390258137.15,1390258137.65,62,713,2841,-6305,746,3130,2967,-2,2
25,592,602217,602230,1390258140.65,1390258147.14,62,739,2918,-2983,684,3018,6786,-6,11
25,592,602236,602241,1390258150.14,1390258152.64,62,807,3146,1074,682,2957,-9119,-1,3
25,592,602266,602269,1390258165.14,1390258166.64,62,1579,2450,-5004,1733,2571,10158,1,4
44,592,602588,602588,1390258326.13,1390258326.13,62,1428,1575,21,1606,1752,-9582,1,1
44,592,603370,603372,1390258717.13,1390258718.13,62,707,1200,-1957,698,1402,12555,-3,3
192,44,604176,604183,1390259120.11,1390259123.61,62,1306,2325,-2953,1563,2368,-17408,1,7
44,592,604393,604407,1390259228.61,1390259235.61,62,490,4489,4834,589,4305,-11692,1,15
192,592,604945,604954,1390259504.59,1390259509.09,62,1896,1615,1628,1940,1469,-17482,5,8
192,592,604964,604965,1390259514.09,1390259514.59,62,2129,1305,-16492,1882,1408,4967,0,2
25,192,604980,604986,1390259522.09,1390259525.09,62,1901,2828,10810,1859,2645,-11537,1,6
192,44,605508,605508,1390259786.09,1390259786.09,62,150,1504,11307,1,1379,5321,1,1
192,44,605557,605564,1390259810.58,1390259814.08,62,318,1657,-3503,501,1730,6722,3,5
178,215,606972,606979,1390260518.05,1390260521.55,62,599,3082,-3164,870,3034,2447,7,7
178,215,607150,607166,1390260607.05,1390260615.05,62,651,2974,12645,530,2819,-32,3,11
178,215,607172,607189,1390260618.06,1390260626.56,62,560,2884,16572,313,2872,-675,0,15
178,215,607239,607239,1390260651.56,1390260651.56,62,1301,3403,17646,1146,3545,1933,0,1
178,215,607243,607245,1390260653.56,1390260654.56,62,1317,3412,-15186,1406,3556,6932,-3,3
178,215,607257,607269,1390260660.56,1390260666.56,62,1294,3559,-5514,1453,3699,-14954,6,8
25,178,607513,607552,1390260788.56,1390260808.06,62,2183,2755,-14660,2035,2864,4947,6,35
44,178,607539,607554,1390260801.56,1390260809.06,62,1993,3103,10607,2049,2879,4025,15,15
25,44,607539,607540,1390260801.56,1390260802.06,62,2164,2794,-13355,2003,3111,10421,-2,2
25,44,607546,607553,1390260805.06,1390260808.56,62,1990,2789,-10432,1989,3101,10692,0,7
25,44,607561,607561,1390260812.56,1390260812.56,62,2263,2814,2994,2010,3067,8321,-1,1
25,44,607587,607592,1390260825.56,1390260828.06,62,685,2445,-17439,471,2374,-2043,0,6
25,44,607601,607629,1390260832.56,1390260846.55,62,449,2441,10919,480,2259,578,23,26
25,192,607653,607661,1390260858.55,1390260862.55,62,279,2239,1779,381,2144,-14094,-4,5
44,592,607677,607684,1390260870.55,1390260874.05,62,1990,2975,13296,1790,2959,7353,4,8
25,44,607701,607706,1390260882.55,1390260885.05,62,2055,3692,9577,2108,3468,-5961,2,6
25,44,607710,607710,1390260887.05,1390260887.05,62,1992,3488,1594,2293,3564,-5178,1,1
25,220,608259,608269,1390261161.54,1390261166.54,62,461,640,-10995,317,816,5321,0,10
25,220,608274,608291,1390261169.04,1390261177.54,62,429,857,11909,310,782,5377,10,16
25,220,608304,608305,1390261184.04,1390261184.54,62,692,892,15194,535,805,-10877,1,2
25,220,608320,608323,1390261192.04,1390261193.54,62,583,493,13912,355,494,-2865,0,4
44,215,608469,608469,1390261266.54,1390261266.54,62,1056,1837,15321,1376,1866,-15566,-1,1
25,178,608505,608509,1390261284.54,1390261286.54,62,925,1872,4926,1224,1801,-17373,1,5
25,178,608517,608556,1390261290.54,1390261310.04,62,724,1496,-11140,730,1693,8815,-5,36
25,178,608568,608574,1390261316.04,1390261319.04,62,1047,1627,14377,873,1501,2846,6,6
25,192,608587,608588,1390261325.54,1390261326.04,62,814,1375,13644,631,1465,-142,-2,2
192,178,608594,608594,1390261329.04,1390261329.04,62,657,1494,-3092,845,1512,3546,1,1
25,178,608599,608600,1390261331.54,1390261332.04,62,881,1394,16944,845,1529,3846,-2,2
25,192,608624,608624,1390261344.03,1390261344.03,62,1967,199,2094,1680,362,7007,-1,1
192,220,609762,609777,1390261913.01,1390261920.51,62,1141,1824,15376,1012,1695,-4402,10,15
192,220,609783,609783,1390261923.51,1390261923.51,62,1100,1608,4007,1095,1510,-17378,1,1
192,220,609822,609826,1390261943.01,1390261945,62,1146,2233,-5531,1272,2387,-10935,5,5
192,220,609841,609842,1390261952.5,1390261953,62,906,2361,-7292,1036,2145,17271,-2,2
25,220,609842,609849,1390261953,1390261956.5,62,1228,2033,-10860,1008,2129,16520,8,8
192,220,609854,609855,1390261959,1390261959.5,62,340,2421,12056,356,2158,-12028,0,2
25,192,609860,609862,1390261962,1390261963,62,531,2396,-14638,359,2478,10740,3,3
25,192,609876,609876,1390261970,1390261970,62,370,2556,-16405,266,2533,9607,1,1
44,220,610106,610106,1390262085,1390262085,62,822,1418,5421,787,1699,10121,-1,1
25,215,610210,610210,1390262137,1390262137,62,943,1442,11594,747,1357,1233,0,1
44,215,610215,610215,1390262139.5,1390262139.5,62,1124,2076,-9378,965,1795,-3766,-1,1
25,592,610798,610802,1390262431,1390262432.99,62,2245,2642,-8928,2043,2728,5959,-5,5
25,592,610815,610836,1390262439.48,1390262449.98,62,2267,2565,-12130,2109,2572,3180,-9,20
178,592,610844,610844,1390262453.98,1390262453.98,62,2737,2819,13946,2583,2492,-11282,-1,1
25,178,610845,610865,1390262454.48,1390262464.48,62,2351,2491,-4257,2356,2672,12245,-7,19
25,592,610850,610864,1390262456.98,1390262463.98,62,2352,2484,-4112,2601,2509,-12895,-6,14
178,592,610882,610923,1390262472.98,1390262493.48,62,2486,2409,-15682,2280,2500,2213,1,31
25,592,610882,610886,1390262472.98,1390262474.98,62,2341,2483,-5765,2183,2594,2895,-5,5
25,178,610883,610887,1390262473.48,1390262475.48,62,2340,2486,-5665,2496,2399,-15196,-5,5
25,178,610912,610916,1390262487.98,1390262489.98,62,2361,2537,-2843,2481,2400,-17613,-5,5
178,592,610939,610946,1390262501.48,1390262504.98,62,2451,2384,-14340,2344,2361,7420,4,8
25,178,610944,610966,1390262503.98,1390262514.98,62,2321,2542,5212,2418,2379,-15067,-4,20
25,592,610957,610959,1390262510.48,1390262511.48,62,2357,2534,4994,2482,2251,-4382,-3,3
25,592,610968,610971,1390262515.98,1390262517.48,62,2238,2134,1225,2482,2254,-3882,3,3
25,592,610977,610995,1390262520.48,1390262529.48,62,2275,2140,70,2481,2331,-6228,15,15
25,592,611002,611003,1390262532.98,1390262533.48,62,2670,2460,16544,2483,2331,-6081,0,2
25,592,611017,611020,1390262540.48,1390262541.98,62,2501,2125,-12829,2487,2318,-3732,4,4
192,178,611021,611031,1390262542.48,1390262547.48,62,761,2346,-10254,811,2430,9115,1,10
25,192,611040,611042,1390262551.98,1390262552.98,62,954,3898,14127,763,3719,-7252,1,3
25,178,611081,611081,1390262572.48,1390262572.48,62,944,1592,9794,1014,1457,-2553,1,1
25,192,611221,611221,1390262642.48,1390262642.48,62,520,1934,10494,257,1766,-2692,1,1
192,592,611482,611499,1390262772.99,1390262781.49,62,635,2160,5258,780,2109,-16609,-1,18
192,592,611504,611504,1390262783.99,1390262783.99,62,763,2022,807,782,2120,-17182,0,1
192,44,611527,611527,1390262795.49,1390262795.49,62,1509,1518,-1692,1639,1412,15821,0,1
192,44,611532,611532,1390262797.99,1390262797.99,62,1706,1598,5007,1634,1400,-17178,1,1
25,220,611560,611562,1390262811.99,1390262812.99,62,1981,4188,10478,1851,4041,-17974,3,3
192,178,611563,611563,1390262813.49,1390262813.49,62,1519,1479,16507,1333,1573,-3853,1,1
25,220,611577,611598,1390262820.49,1390262830.99,62,1904,4371,-15398,1815,4377,5080,-3,16
192,44,611605,611605,1390262834.49,1390262834.49,62,816,1328,-4892,1024,1488,16221,0,1
25,220,611637,611643,1390262850.49,1390262853.49,62,2268,3790,8274,2160,3764,-8677,-1,4
25,220,611646,611646,1390262854.99,1390262854.99,62,2281,3784,10294,2133,3993,-2178,-1,1
44,178,611650,611655,1390262856.99,1390262859.49,62,683,1488,-7587,939,1492,15266,-5,5
25,44,611730,611739,1390262896.98,1390262901.48,62,394,1577,-8258,524,1705,9238,-1,8
44,178,611748,611768,1390262905.98,1390262915.98,62,506,1708,10714,521,1388,-11699,2,15
25,44,611750,611760,1390262906.98,1390262911.98,62,400,1547,-4782,507,1709,10732,0,9
25,178,611751,611760,1390262907.48,1390262911.98,62,399,1544,-4776,526,1390,-11610,-7,7
25,44,611775,611776,1390262919.48,1390262919.98,62,392,1548,-3604,520,1721,8971,0,2
192,44,611778,611780,1390262920.98,1390262921.98,62,710,1307,-12292,675,1567,7220,0,3
25,178,611779,611779,1390262921.48,1390262921.48,62,424,1562,-3005,483,1433,17746,-1,1
192,178,611779,611781,1390262921.48,1390262922.48,62,698,1330,-11333,473,1401,15809,3,3
44,178,611779,611779,1390262921.48,1390262921.48,62,683,1587,6721,483,1433,17746,1,1
192,44,611786,611786,1390262924.98,1390262924.98,62,759,1495,-5192,821,1480,9921,0,1
25,192,611787,611787,1390262925.48,1390262925.48,62,424,1538,-3605,722,1569,-10892,-1,1
25,192,611795,611800,1390262929.48,1390262931.98,62,444,2055,-5229,596,2104,9619,2,4
192,178,611818,611818,1390262940.98,1390262940.98,62,744,1217,15207,709,992,6846,1,1
44,178,611818,611819,1390262940.98,1390262941.48,62,597,822,-9727,717,973,6945,1,2
192,44,611819,611846,1390262941.48,1390262954.96,62,525,925,7447,616,810,-8556,4,19
44,592,611886,611896,1390262974.96,1390262979.96,62,722,1411,-1157,921,1513,8935,6,11
192,592,611889,611889,1390262976.46,1390262976.46,62,1059,1522,-7392,928,1541,9717,0,1
44,592,611905,611931,1390262984.46,1390262997.46,62,712,1461,960,762,1349,-15461,-2,21
220,592,612027,612036,1390263045.46,1390263049.96,62,880,1807,-5806,919,1982,14126,-1,10
220,592,612037,612037,1390263050.46,1390263050.46,62,719,2121,-9178,920,1983,14017,-1,1
44,592,613384,613384,1390263723.95,1390263723.95,62,1013,2084,-8578,1251,2287,-782,1,1
220,592,613542,613547,1390263802.94,1390263805.44,62,1210,3531,-17186,1201,3661,3398,-3,5
178,592,615911,615912,1390264987.4,1390264987.9,62,1803,1275,-5203,1806,992,-11681,-2,2
178,592,615991,616003,1390265027.4,1390265033.4,62,787,1738,-5128,970,1843,-13007,8,8
178,592,616008,616023,1390265035.9,1390265043.4,62,801,1777,-6329,975,1838,-12766,0,13
25,178,616014,616023,1390265038.9,1390265043.4,62,716,1920,3792,803,1782,-6264,9,9
25,592,616014,616026,1390265038.9,1390265044.9,62,717,1918,3959,975,1837,-12709,0,11
25,178,616029,616029,1390265046.4,1390265046.4,62,689,1863,7094,826,1779,-6253,1,1
25,592,616037,616047,1390265050.4,1390265055.4,62,766,1846,412,976,1828,-12427,-2,11
178,592,616038,616048,1390265050.9,1390265055.9,62,826,1699,-1775,976,1828,-12436,11,11
178,592,616054,616056,1390265058.9,1390265059.9,62,844,1717,-3802,975,1827,-12432,2,2
25,178,616057,616077,1390265060.4,1390265070.4,62,642,2001,-59,764,1837,-10597,-8,13
25,592,616061,616061,1390265062.4,1390265062.4,62,673,2001,-1405,976,1833,-12582,1,1
25,592,616067,616067,1390265065.4,1390265065.4,62,691,2033,94,961,1845,-13482,1,1
178,592,616124,616149,1390265093.9,1390265106.4,62,465,3831,17205,296,3928,-546,6,26
215,592,617195,617199,1390265629.38,1390265631.38,62,1475,1652,4023,1568,1451,-4583,0,4
192,592,617217,617232,1390265640.38,1390265647.88,62,1542,1567,9561,1553,1460,-6768,1,12
192,44,617241,617243,1390265652.38,1390265653.38,62,583,2904,-6092,831,2939,1321,2,2
44,592,617370,617390,1390265716.89,1390265726.89,62,590,836,-2457,577,1045,10111,-12,15
44,592,617401,617404,1390265732.38,1390265733.88,62,581,810,-2011,540,985,8450,-3,3
44,592,617436,617448,1390265749.88,1390265755.88,62,597,787,-1232,515,975,10921,-11,11
44,592,617455,617455,1390265759.38,1390265759.38,62,588,773,-878,499,974,9417,-1,1
25,192,617830,617835,1390265946.86,1390265949.36,62,1126,3745,8813,939,3672,-5191,-3,3
25,192,617849,617849,1390265956.36,1390265956.36,62,965,3689,14694,1056,3690,-14492,-1,1
25,220,619750,619753,1390266906.82,1390266908.32,62,1842,1676,10594,1713,1471,-4777,0,4
25,220,619758,619786,1390266910.82,1390266924.82,62,1819,1632,12935,1677,1478,-5401,3,27
25,220,619887,619903,1390266975.32,1390266983.32,62,725,1400,11287,532,1427,958,-10,15
25,220,620015,620027,1390267039.33,1390267045.33,62,2905,4477,11231,2737,4413,-4112,-1,12
25,44,620306,620311,1390267184.83,1390267187.33,62,1173,2224,14025,933,2026,-3778,0,6
25,44,620379,620379,1390267221.33,1390267221.33,62,1104,2186,-7705,1217,1904,-12278,-1,1
192,220,620390,620396,1390267226.83,1390267229.83,62,1590,2624,-13863,1607,2492,-8335,-7,7
192,44,620409,620411,1390267236.33,1390267237.33,62,1581,2655,-15158,1531,2471,-7709,-3,3
192,44,620457,620457,1390267260.33,1390267260.33,62,1573,2655,-15992,1840,2727,10921,-1,1
192,220,620519,620541,1390267291.33,1390267302.33,62,1571,2652,-15787,1746,2764,14079,-23,23
192,220,620568,620569,1390267315.83,1390267316.33,62,1570,2652,-15691,1644,2440,-5578,-2,2
192,220,620594,620602,1390267328.82,1390267332.82,62,1581,2657,-16125,1610,2459,-10211,-9,9
192,437,620781,620781,1390267422.3,1390267422.3,62,176,1891,707,336,2132,-7621,1,1
192,437,620784,620785,1390267423.8,1390267424.3,62,292,2148,-10242,353,2424,-3771,2,2
192,437,620793,620794,1390267428.3,1390267428.8,62,378,2159,3807,559,2242,8978,0,2
25,437,620915,620930,1390267489.31,1390267496.81,62,1593,3345,8918,1619,3156,17865,16,16
25,192,620965,620965,1390267514.31,1390267514.31,62,842,3321,2894,818,3544,13707,-1,1
25,437,620980,621009,1390267521.81,1390267536.31,62,1547,3308,6452,1621,3151,-17980,23,27
25,220,621002,621003,1390267532.81,1390267533.31,62,1563,3293,7393,1352,3445,1121,-2,2
220,437,621012,621040,1390267537.81,1390267551.81,62,1657,3305,5924,1619,3148,-17638,29,29
25,220,621028,621031,1390267545.81,1390267547.31,62,1914,3201,2594,1676,3311,7370,-2,2
25,220,621038,621038,1390267550.81,1390267550.81,62,1901,3189,2294,1686,3296,7821,-1,1
220,437,621104,621114,1390267583.81,1390267588.81,62,1831,3023,-12178,1609,3158,-17365,9,9
25,220,621104,621110,1390267583.81,1390267586.81,62,1891,3228,-17144,1839,3000,-12298,5,5
25,220,621117,621117,1390267590.31,1390267590.31,62,1576,3420,15494,1753,3310,-14478,-1,1
25,220,621125,621137,1390267594.31,1390267600.31,62,1553,3440,12378,1686,3310,-15522,-6,12
25,437,621130,621136,1390267596.81,1390267599.81,62,1530,3427,11314,1606,3162,-17396,-4,4
25,220,621142,621155,1390267602.81,1390267609.31,62,1165,3568,14174,1340,3479,-16316,-11,11
25,220,621160,621160,1390267611.81,1390267611.81,62,1109,3584,13794,1001,3426,-17578,1,1
25,437,621195,621195,1390267629.31,1390267629.31,62,1404,2425,-16805,1158,2282,-8621,-1,1
25,44,621240,621256,1390267651.81,1390267659.81,62,987,2419,2079,1183,2369,-13822,2,14
44,220,621257,621258,1390267660.31,1390267660.81,62,1079,2310,-16378,1390,2299,14821,-2,2
25,220,621263,621263,1390267663.31,1390267663.31,62,991,2424,2694,1317,2340,16921,0,1
44,220,621264,621269,1390267663.81,1390267666.31,62,1040,2292,-14077,1271,2339,17087,-6,6
25,44,621269,621270,1390267666.31,1390267666.81,62,998,2436,3194,1029,2259,-14828,0,2
25,220,621269,621273,1390267666.31,1390267668.31,62,999,2434,3313,1206,2307,16241,2,5
25,220,621278,621280,1390267670.81,1390267671.81,62,1004,2305,6427,851,2110,17385,3,3
220,437,621285,621286,1390267674.31,1390267674.81,62,622,2380,-12278,504,2188,-6270,-2,2
220,437,621288,621288,1390267675.81,1390267675.81,62,570,2407,-16378,466,2542,-5321,1,1
25,220,621290,621291,1390267676.81,1390267677.31,62,706,2274,-12054,435,2431,-17878,2,2
25,437,621980,621998,1390268021.79,1390268030.79,62,1790,1409,-4935,1628,1493,4786,-17,17
25,437,622007,622010,1390268035.29,1390268036.79,62,1786,1419,-5454,1818,1209,-14018,-4,4
25,437,622027,622028,1390268045.29,1390268045.79,62,1723,1425,-5855,1869,1440,-10920,1,2
25,437,622037,622053,1390268050.29,1390268058.29,62,1726,1324,-3349,1862,1429,-10446,17,17
25,220,622074,622077,1390268068.79,1390268070.29,62,2129,1351,-4379,2232,1601,12120,0,4
25,220,622099,622104,1390268081.29,1390268083.79,62,1547,1426,8814,1726,1331,-15807,-2,5
25,220,622244,622245,1390268153.79,1390268154.29,62,1665,589,-1405,1813,794,8521,0,2
25,437,622477,622477,1390268270.29,1390268270.29,62,1986,1512,-13105,2015,1218,-5921,-1,1
25,437,622483,622492,1390268273.29,1390268277.79,62,1835,1600,15193,1793,1371,-11132,0,10
25,220,622555,622555,1390268309.29,1390268309.29,62,570,553,16394,411,415,5921,1,1
44,437,622717,622720,1390268390.28,1390268391.78,62,700,1807,9948,864,1762,-8630,0,4
192,118,622772,622772,1390268417.78,1390268417.78,62,946,1684,9407,1044,1522,2079,1,1
192,437,622866,622868,1390268464.78,1390268465.78,62,754,3032,10373,754,2811,-6754,0,3
25,437,622942,622948,1390268502.77,1390268505.77,62,273,1413,12493,61,1419,-3868,-2,5
25,437,622957,622957,1390268510.27,1390268510.27,62,304,1403,14994,93,1538,-9721,1,1
25,437,622962,622965,1390268512.77,1390268514.27,62,363,1439,15794,202,1477,7739,0,4
215,437,622986,622986,1390268524.77,1390268524.77,62,1079,100,-17166,1320,245,11778,-1,1
25,437,623028,623036,1390268545.77,1390268549.77,62,605,1067,5,683,1232,7441,-1,9
25,437,623128,623129,1390268595.77,1390268596.27,62,533,2640,-11554,381,2799,10777,1,2
25,220,623165,623172,1390268614.27,1390268617.77,62,577,2778,-1010,691,2963,7663,5,7
220,437,623654,623654,1390268858.78,1390268858.78,62,1630,9,6321,1843,49,-16121,-1,1
118,220,624427,624427,1390269245.26,1390269245.26,62,1357,1613,9279,1061,1462,-78,1,1
25,118,624532,624537,1390269297.76,1390269300.26,62,1773,1469,-5282,1612,1588,4035,-5,6
25,118,624538,624541,1390269300.76,1390269302.26,62,1787,1470,-6238,1918,1668,9187,1,3
25,220,624560,624564,1390269311.76,1390269313.76,62,1463,1685,15054,1331,1596,-6560,0,5
25,220,624613,624636,1390269338.26,1390269349.76,62,1736,1561,2277,1929,1470,-4108,18,18
220,437,624681,624711,1390269372.26,1390269387.24,62,1983,1371,-3662,2113,1590,11322,-2,26
25,437,624681,624700,1390269372.26,1390269381.74,62,1873,1521,49,2112,1591,11273,-5,20
25,220,624682,624682,1390269372.76,1390269372.76,62,1824,1496,1894,2001,1356,-2778,1,1
25,220,624697,624707,1390269380.24,1390269385.24,62,1776,1461,4084,1985,1373,-2878,10,11
118,437,624735,624736,1390269399.24,1390269399.74,62,1655,1672,-2770,1864,1748,-12871,1,2
25,220,624743,624747,1390269403.24,1390269405.24,62,1946,1094,15394,1802,1211,160,-5,5
25,44,625813,625830,1390269938.23,1390269946.73,62,611,2859,-9605,694,2984,7018,5,17
25,220,625993,626030,1390270028.23,1390270046.73,62,731,2886,-8059,680,3144,8673,3,38
25,437,626230,626234,1390270146.72,1390270148.72,62,1351,1742,-14805,1138,1674,-501,0,5
25,437,626240,626243,1390270151.72,1390270153.22,62,1359,1758,-15655,1252,1780,-4170,2,2
25,437,626245,626245,1390270154.22,1390270154.22,62,1360,1759,-15805,1259,1966,-5521,1,1
192,220,626969,626972,1390270516.21,1390270517.71,62,870,2185,-8841,930,2387,-17263,2,4
220,437,627027,627040,1390270545.21,1390270551.71,62,576,1958,-6209,559,2060,10096,-2,9
220,437,627055,627069,1390270559.21,1390270566.21,62,834,1937,6842,628,1939,-674,-15,15
220,437,627075,627089,1390270569.21,1390270576.21,62,833,1941,6985,821,1746,-3700,1,14
192,437,627099,627100,1390270581.21,1390270581.71,62,1207,2470,-8092,1030,2439,-2221,-2,2
25,220,627211,627224,1390270637.21,1390270643.71,62,645,1712,2284,814,1597,17052,2,11
215,220,627314,627318,1390270688.7,1390270690.7,62,1521,1782,6452,1646,1572,12001,5,5
25,192,627323,627323,1390270693.2,1390270693.2,62,1206,2152,-5605,1141,2392,-12392,1,1
25,192,627331,627335,1390270697.2,1390270699.2,62,1065,1993,-2446,780,2023,3686,-5,5
215,220,627352,627355,1390270707.7,1390270709.2,62,1515,1766,7183,1597,1521,12420,4,4
215,220,627375,627375,1390270719.2,1390270719.2,62,1505,1781,5933,1564,1569,-17478,1,1
215,220,627380,627380,1390270721.7,1390270721.7,62,1505,1778,5833,1552,1542,-17278,1,1
215,220,627385,627385,1390270724.2,1390270724.2,62,1502,1775,5933,1546,1564,-17878,1,1
215,220,627394,627405,1390270728.7,1390270734.2,62,1486,1763,5896,1535,1554,-17414,11,11
215,220,627410,627431,1390270736.7,1390270747.2,62,1487,1753,4835,1535,1569,-17466,14,18
25,215,627425,627430,1390270744.2,1390270746.7,62,1550,1952,9727,1514,1751,293,6,6
25,220,627501,627550,1390270782.2,1390270806.7,62,1411,1693,3695,1565,1582,-5499,37,43
25,220,627558,627562,1390270810.7,1390270812.7,62,1330,1634,5811,1545,1586,-4758,5,5
25,220,627595,627604,1390270829.2,1390270833.7,62,1360,1654,6263,1512,1596,-5018,5,5
192,220,627636,627638,1390270849.7,1390270850.7,62,1475,1779,12039,1503,1598,-3611,2,3
25,220,627651,627721,1390270857.18,1390270892.18,62,1465,1769,8311,1494,1603,-3473,46,67
215,437,627731,627731,1390270897.18,1390270897.18,62,1695,4253,-17766,1550,4411,-421,1,1
25,220,627736,627738,1390270899.68,1390270900.68,62,1528,1912,5918,1477,1622,-3244,-1,3
215,437,627746,627763,1390270904.69,1390270913.19,62,1754,4241,-13466,1623,4421,1345,6,18
25,220,627781,627782,1390270922.19,1390270922.69,62,1630,1374,-10555,1445,1574,-16778,2,2
25,220,627793,627796,1390270928.19,1390270929.69,62,1654,1494,-8655,1462,1666,-1578,0,2
25,220,628058,628064,1390271060.69,1390271063.69,62,1586,1719,15013,1453,1676,-13517,5,5
25,220,628073,628085,1390271068.19,1390271074.19,62,1568,1702,16563,1441,1675,-13047,13,13
25,220,628115,628115,1390271089.19,1390271089.19,62,1612,1518,-8405,1425,1725,-13078,1,1
25,220,628163,628167,1390271113.19,1390271115.19,62,994,1818,5693,1296,1767,16421,1,2
215,220,628319,628348,1390271191.19,1390271205.69,62,1479,1565,-107,1595,1463,11303,17,17
25,215,628473,628473,1390271268.19,1390271268.19,62,1234,2157,-4505,1356,2000,17833,-1,1
220,437,628546,628546,1390271304.68,1390271304.68,62,1595,1433,11121,1468,1674,6178,-1,1
215,220,628636,628637,1390271349.67,1390271350.17,62,1484,1559,-1116,1602,1435,10921,2,2
25,192,629204,629204,1390271633.67,1390271633.67,62,651,3076,3994,826,2937,9807,1,1
25,192,629224,629225,1390271643.67,1390271644.17,62,869,2513,4993,1056,2270,-12592,0,2
25,220,629356,629385,1390271709.67,1390271724.17,62,1335,1604,5210,1463,1547,17145,3,25
25,220,629391,629398,1390271727.17,1390271730.67,62,1342,1612,5110,1455,1696,16964,-5,6
25,220,629420,629420,1390271741.67,1390271741.67,62,1345,1610,5094,1505,1445,16321,1,1
25,220,629426,629434,1390271744.67,1390271748.67,62,1382,1592,2733,1490,1460,15941,5,5
25,215,629566,629566,1390271814.67,1390271814.67,62,1193,2089,2094,1464,2274,-4866,1,1
25,215,629577,629620,1390271820.17,1390271841.67,62,1542,2196,-11839,1516,2342,420,27,37
25,437,629583,629620,1390271823.17,1390271841.67,62,1546,2205,-12963,1359,2170,550,-15,29
25,215,629631,629673,1390271847.17,1390271868.15,62,1643,2148,-11678,1580,2343,5702,-7,43
220,437,629646,629653,1390271854.65,1390271858.15,62,260,2081,-1940,443,1969,-8659,1,8
220,437,629657,629660,1390271860.15,1390271861.65,62,260,2078,-2127,447,2230,14996,1,4
25,215,629681,629690,1390271872.15,1390271876.65,62,1641,2492,14457,1579,2320,5888,9,9
220,437,629694,629695,1390271878.65,1390271879.15,62,168,2145,-17678,127,1918,5028,2,2
25,215,629695,629716,1390271879.15,1390271889.65,62,1615,2499,13837,1579,2309,5821,17,17
215,220,629845,629849,1390271954.15,1390271956.15,62,1354,3631,253,1560,3399,6861,5,5
215,437,630192,630201,1390272127.65,1390272132.15,62,1447,2008,-3286,1475,1815,-13766,-8,8
25,437,630205,630209,1390272134.15,1390272136.15,62,1109,1887,8074,1294,1958,-14343,-5,5
215,437,630211,630215,1390272137.15,1390272139.15,62,1365,2208,-16690,1268,2027,-9504,-3,4
215,437,630227,630227,1390272145.15,1390272145.15,62,1022,2293,-12366,1195,2351,7778,-1,1
215,437,630257,630262,1390272160.15,1390272162.65,62,1123,2516,-2215,1243,2366,-11383,-4,4
25,592,631041,631060,1390272552.13,1390272561.63,62,1532,1598,-2505,1493,1723,14773,-4,20
215,437,631065,631074,1390272564.13,1390272568.63,62,886,3460,15907,739,3604,4753,-8,8
25,192,631066,631084,1390272564.63,1390272573.63,62,1526,1605,-1877,1643,1561,-17106,-9,16
192,592,631090,631090,1390272576.63,1390272576.63,62,483,2423,17607,409,2221,-9982,0,1
437,592,631095,631131,1390272579.13,1390272597.13,62,403,2628,11145,351,2442,-10857,8,34
437,592,631136,631137,1390272599.63,1390272600.13,62,424,2636,11428,287,2663,-9432,2,2
215,592,631144,631146,1390272603.63,1390272604.63,62,315,2961,15383,372,2834,-6232,-1,2
25,437,631165,631167,1390272614.13,1390272615.13,62,1072,1488,-738,1034,1692,8843,-3,3
44,215,631441,631448,1390272752.14,1390272755.64,62,1002,3763,5020,1243,3594,-14022,0,7
44,220,631481,631499,1390272772.14,1390272781.14,62,1371,1653,1366,1608,1566,-12427,-1,16
44,220,631514,631516,1390272788.64,1390272789.64,62,1418,1569,7320,1621,1548,-13428,-2,2
25,220,631646,631661,1390272854.62,1390272862.12,62,1563,1756,1207,1709,1602,-5109,9,16
25,44,631648,631694,1390272855.62,1390272878.62,62,1560,1762,1989,1508,1572,-8805,-43,43
25,44,631699,631700,1390272881.12,1390272881.62,62,1563,1767,2494,1396,1642,-12127,-2,2
25,220,631702,631750,1390272882.63,1390272906.63,62,1582,1729,3292,1726,1602,-5149,45,45
215,437,631727,631739,1390272895.13,1390272901.13,62,1177,3444,-2704,1089,3605,10896,-12,12
25,220,631758,631762,1390272910.63,1390272912.63,62,1461,1530,5893,1734,1602,-4957,5,5
25,220,631769,631779,1390272916.13,1390272921.13,62,1494,1602,816,1738,1601,-4978,9,9
25,220,631796,631951,1390272929.63,1390273007.11,62,1579,1654,-261,1761,1597,-5774,155,155
25,220,631977,631977,1390273020.11,1390273020.11,62,1524,1606,4594,1755,1582,-2878,1,1
25,220,632004,632193,1390273033.61,1390273128.11,62,1568,1464,-1166,1700,1467,11876,83,161
25,44,632058,632112,1390273060.61,1390273087.61,62,1568,1459,-1465,1579,1651,14027,-39,41
220,592,632087,632097,1390273075.11,1390273080.11,62,1711,1468,12459,1850,1381,-10435,-8,8
25,592,632088,632097,1390273075.61,1390273080.11,62,1569,1459,-1305,1848,1384,-11003,-4,5
220,592,632105,632105,1390273084.11,1390273084.11,62,1684,1472,11121,1819,1378,-13282,-1,1
25,592,632105,632105,1390273084.11,1390273084.11,62,1571,1454,-1305,1819,1378,-13282,0,1
220,592,632110,632142,1390273086.61,1390273102.61,62,1682,1462,11242,1824,1447,-10489,-28,28
25,592,632110,632112,1390273086.61,1390273087.61,62,1571,1453,-1138,1814,1406,-12047,0,3
44,215,632110,632113,1390273086.61,1390273088.11,62,1493,1620,16621,1447,1790,7783,-2,2
215,220,632118,632118,1390273090.61,1390273090.61,62,1585,1756,3533,1683,1467,11221,1,1
215,592,632121,632123,1390273092.11,1390273093.11,62,1791,1679,2933,1873,1444,-9582,0,3
215,592,632129,632138,1390273096.11,1390273100.61,62,1899,1577,8493,1799,1448,-10825,4,9
25,592,632129,632131,1390273096.11,1390273097.11,62,1572,1452,-971,1808,1451,-11648,0,3
25,592,632136,632138,1390273099.61,1390273100.61,62,1572,1450,-905,1784,1451,-10548,3,3
215,592,632153,632155,1390273108.11,1390273109.11,62,1768,1128,-17566,1978,1281,8917,-2,2
215,220,632155,632155,1390273109.11,1390273109.11,62,1753,1151,-15466,1673,1457,10721,1,1
215,220,632167,632167,1390273115.11,1390273115.11,62,1792,1374,-7666,1676,1459,11021,0,1
25,220,632220,632230,1390273141.61,1390273146.61,62,1604,1438,-5034,1724,1396,10057,7,11
24,25,632245,632245,1390273154.11,1390273154.11,62,1406,1832,7091,1589,1808,-11405,-1,1
24,220,632253,632255,1390273158.12,1390273159.12,62,1637,1543,451,1774,1378,9887,3,3
24,220,632265,632273,1390273164.12,1390273168.12,62,1754,1399,2705,1796,1394,10503,2,8
25,220,632287,632289,1390273175.12,1390273176.12,62,1838,1211,6594,1916,1020,-1410,3,3
25,220,632295,632312,1390273179.12,1390273187.62,62,1888,1196,4988,1984,1023,-2849,13,16
24,215,632295,632295,1390273179.12,1390273179.12,62,713,1463,-15108,868,1532,13733,-1,1
24,215,632298,632303,1390273180.62,1390273183.12,62,812,1778,-4914,871,1561,-16792,-1,5
24,592,632317,632323,1390273190.12,1390273193.12,62,384,432,15435,199,349,1778,-1,6
24,592,632325,632325,1390273194.12,1390273194.12,62,552,220,4591,254,332,-882,-1,1
24,592,632339,632340,1390273201.12,1390273201.62,62,253,146,-10608,319,329,-1582,2,2
24,25,632376,632376,1390273219.62,1390273219.62,62,897,1690,-11308,1099,1895,-2205,1,1
192,263,632379,632382,1390273221.12,1390273222.62,62,523,2508,5782,320,2733,4010,-3,3
25,215,632384,632387,1390273223.62,1390273225.12,62,1141,2274,-14155,887,2365,-441,0,4
192,215,632384,632384,1390273223.62,1390273223.62,62,577,2360,5407,895,2370,-566,1,1
192,263,632388,632388,1390273225.62,1390273225.62,62,816,2166,-92,516,2254,7942,-1,1
25,192,632389,632389,1390273226.12,1390273226.12,62,1132,2279,-14005,983,2137,-492,-1,1
25,263,632394,632395,1390273228.62,1390273229.12,62,1107,2305,17544,1036,2121,-3207,-2,2
25,215,632394,632394,1390273228.62,1390273228.62,62,1105,2305,17694,861,2378,-666,0,1
215,263,632396,632407,1390273229.62,1390273235.12,62,848,2377,-865,1054,2237,-4719,0,6
25,215,632408,632429,1390273235.62,1390273246.12,62,1119,2321,16764,844,2364,-541,0,20
192,263,632409,632412,1390273236.12,1390273237.62,62,1626,2141,-6883,1437,2006,135,-4,4
24,25,632410,632414,1390273236.62,1390273238.62,62,987,2174,756,1115,2315,17033,-3,5
192,263,632414,632416,1390273238.62,1390273239.62,62,1620,2562,-12342,1682,2311,-6106,-2,2
24,25,632420,632427,1390273241.62,1390273245.12,62,997,2410,-7955,1123,2326,16531,-5,8
24,215,632420,632426,1390273241.62,1390273244.62,62,983,2394,-8696,854,2347,-483,-5,6
24,263,632437,632441,1390273250.12,1390273252.12,62,1437,2505,-2459,1518,2657,-13336,5,5
24,25,632503,632506,1390273283.12,1390273284.62,62,112,3061,6952,115,2870,-7904,0,4
220,592,632521,632521,1390273292.12,1390273292.12,62,1891,1078,-9078,1754,946,4217,-1,1
192,263,632682,632688,1390273372.61,1390273375.61,62,1919,2642,10228,1761,2483,-4166,-3,7
192,263,632693,632693,1390273378.11,1390273378.11,62,1982,2325,13007,1902,2476,-1557,-1,1
215,220,632702,632709,1390273382.61,1390273386.11,62,1732,1268,6834,1885,1074,-8944,0,6
192,263,632707,632708,1390273385.11,1390273385.61,62,1356,2498,-12891,1558,2364,16692,-2,2
215,220,632719,632719,1390273391.11,1390273391.11,62,1734,1157,9733,1885,1048,-7978,1,1
192,592,632746,632749,1390273404.61,1390273406.11,62,1527,1907,15762,1384,2045,-5048,2,4
220,592,632889,632895,1390273476.11,1390273479.11,62,1900,1032,-7120,1955,1244,10002,0,7
220,592,632900,632906,1390273481.61,1390273484.61,62,1900,1027,-6992,1831,1187,13672,5,7
24,25,632904,632908,1390273483.61,1390273485.61,62,250,3560,-16687,77,3582,10159,5,5
24,220,632967,632967,1390273515.1,1390273515.1,62,2000,1211,-12908,1880,1030,-4978,-1,1
24,220,632991,632992,1390273527.1,1390273527.6,62,1894,805,-9958,1885,1023,-5078,2,2
437,592,633020,633023,1390273541.6,1390273543.1,62,899,1430,-5821,900,1613,-12982,2,2
437,592,633029,633037,1390273546.1,1390273550.1,62,892,1427,-6449,878,1608,-12624,7,7
24,592,633033,633045,1390273548.1,1390273554.1,62,776,1528,-2143,901,1625,-13471,12,12
24,437,633037,633037,1390273550.1,1390273550.1,62,826,1512,-308,893,1416,-6421,1,1
24,592,633055,633059,1390273559.1,1390273561.1,62,726,1666,-10837,653,1830,15392,4,4
24,437,633066,633067,1390273564.6,1390273565.1,62,1099,2258,-3258,1137,2125,-13270,-2,2
437,592,633130,633134,1390273596.6,1390273598.6,62,1115,1929,6998,1300,1755,-17224,1,5
24,437,633144,633157,1390273603.6,1390273610.1,62,634,1899,4014,836,1808,-15559,-1,13
24,437,633175,633177,1390273619.1,1390273620.1,62,608,1457,6141,660,1742,14078,-2,2
24,592,633179,633180,1390273621.1,1390273621.6,62,742,1506,-2358,816,1686,17217,2,2
437,592,633179,633184,1390273621.1,1390273623.6,62,641,1726,12738,797,1692,17577,-5,5
437,592,633200,633208,1390273631.6,1390273635.6,62,627,1753,12778,756,1694,-17230,-6,6
437,592,633219,633231,1390273641.1,1390273647.1,62,358,1708,-5746,565,1712,17550,-9,12
437,592,633252,633260,1390273657.6,1390273661.6,62,358,1696,-3763,540,1723,11883,6,9
437,592,633294,633297,1390273678.6,1390273680.1,62,505,1514,5502,581,1293,12166,4,4
24,220,633482,633482,1390273772.6,1390273772.6,62,1759,918,7091,1906,1019,-8378,1,1
25,592,633515,633543,1390273789.1,1390273803.1,62,309,2018,5668,480,1819,-12040,0,29
25,592,633561,633587,1390273812.1,1390273825.1,62,90,1855,11060,253,1875,17652,-26,26
25,592,633606,633608,1390273834.59,1390273835.59,62,310,1796,-1505,38,1874,4667,-2,2
25,220,633610,633611,1390273836.59,1390273837.09,62,488,1855,-405,707,1970,-15378,1,2
25,592,633626,633626,1390273844.59,1390273844.59,62,1127,1675,7894,963,1467,1917,-1,1
24,220,633661,633665,1390273862.09,1390273864.09,62,177,364,-13181,19,482,10220,4,4
25,592,633663,633665,1390273863.09,1390273864.09,62,1123,1734,9926,1038,1471,-2815,1,3
215,437,633666,633675,1390273864.59,1390273869.09,62,1775,4172,6682,1601,4098,-10,-8,8
215,437,633682,633684,1390273872.59,1390273873.59,62,1789,4176,5032,1967,4158,-8720,3,3
215,437,633694,633696,1390273878.59,1390273879.59,62,1863,3965,6532,2024,4118,11778,-3,3
24,592,633695,633696,1390273879.09,1390273879.59,62,1946,1397,-8158,1976,1558,1117,2,2
24,592,633698,633698,1390273880.59,1390273880.59,62,1864,1590,-8808,1988,1573,7817,1,1
25,437,633724,633771,1390273893.59,1390273917.09,62,1356,354,9622,1514,226,-17728,-5,42
25,437,633776,633785,1390273919.59,1390273924.09,62,1313,353,9404,1459,387,-12541,-10,10
24,220,633884,633888,1390273973.59,1390273975.59,62,1965,3120,12071,1881,3008,-11618,5,5
24,25,633912,633915,1390273987.59,1390273989.09,62,1227,1655,-17458,1099,1537,2344,1,2
192,49,634443,634444,1390274253.08,1390274253.58,62,939,4388,-6742,742,4243,-1105,-2,2
192,49,634456,634458,1390274259.58,1390274260.58,62,1371,3894,11706,1286,4068,5594,-2,2
24,192,634491,634491,1390274277.08,1390274277.08,62,1389,3493,6891,1392,3335,11407,1,1
24,49,634494,634494,1390274278.58,1390274278.58,62,1358,3445,13091,1238,3354,8194,1,1
24,49,634514,634524,1390274288.58,1390274293.58,62,1108,3396,1473,1245,3358,8654,10,10
24,192,634541,634542,1390274302.08,1390274302.58,62,1202,3359,6791,1394,3334,11757,0,2
24,192,634548,634548,1390274305.58,1390274305.58,62,1266,3400,4391,1394,3334,11907,1,1
25,220,634551,634551,1390274307.08,1390274307.08,62,1035,1476,-2905,765,1378,2021,-1,1
220,592,634608,634612,1390274335.57,1390274337.57,62,878,1981,-6938,714,2105,-1082,1,5
24,192,634654,634654,1390274358.57,1390274358.57,62,1804,3211,3691,1925,2993,9207,1,1
24,192,634660,634665,1390274361.57,1390274364.07,62,1819,2938,11831,1649,2804,17286,5,5
24,592,634690,634706,1390274376.57,1390274384.57,62,368,1236,-9944,305,1386,12224,5,17
24,592,634731,634743,1390274397.07,1390274403.07,62,613,1474,15572,430,1474,-6400,11,11
25,220,634733,634733,1390274398.07,1390274398.07,62,1781,4186,5494,1804,4485,14821,-1,1
24,592,634752,634767,1390274407.57,1390274415.07,62,554,1443,16520,408,1492,-3702,0,10
24,192,634794,634795,1390274428.57,1390274429.07,62,1898,2721,-9658,1650,2806,17607,2,2
24,49,634805,634807,1390274434.07,1390274435.07,62,1152,3532,957,1259,3361,9160,3,3
24,49,634840,634840,1390274451.57,1390274451.57,62,1202,3468,2491,1249,3365,8494,1,1
24,192,634862,634870,1390274462.57,1390274466.57,62,1839,2905,10728,1653,2804,17644,8,8
49,592,635091,635095,1390274577.07,1390274579.07,62,1395,3506,409,1554,3439,13982,1,4
49,592,635110,635111,1390274586.57,1390274587.07,62,1633,3416,-10905,1444,3472,6266,-1,2
49,592,635132,635132,1390274597.57,1390274597.57,62,1418,3586,17794,1399,3357,6317,1,1
49,592,635287,635287,1390274675.06,1390274675.06,62,416,2076,-13005,325,1884,-1382,-1,1
24,592,635292,635314,1390274677.56,1390274688.56,62,372,1860,-13912,289,1951,-876,7,21
24,592,635341,635360,1390274702.06,1390274711.56,62,133,1812,10079,167,1716,-5847,14,19
24,592,635365,635368,1390274714.06,1390274715.56,62,224,1743,166,347,1664,-7682,4,4
24,592,635837,635837,1390274950.05,1390274950.05,62,1069,1724,7191,1118,1512,-5982,0,1
24,437,637350,637352,1390275706.53,1390275707.53,62,635,1866,8958,756,2152,15070,-3,3
24,215,637350,637352,1390275706.53,1390275707.53,62,636,1862,8891,522,1734,-14665,2,2
215,437,637353,637354,1390275708.03,1390275708.53,62,460,1832,-11066,589,2050,15678,1,2
24,25,637434,637434,1390275748.53,1390275748.53,62,1442,1798,-4208,1517,1861,-9705,1,1
24,25,637451,637457,1390275757.03,1390275760.03,62,1564,1973,-1117,1578,1883,-6530,0,4
25,192,637466,637469,1390275764.53,1390275766.03,62,1563,1849,-5554,1658,1685,-10766,-4,4
24,192,637466,637478,1390275764.53,1390275770.53,62,1785,1881,14997,1676,1695,-9647,1,13
24,25,637466,637472,1390275764.53,1390275767.53,62,1788,1880,15819,1561,1849,-5633,3,7
25,192,637477,637477,1390275770.03,1390275770.03,62,1492,1828,-6105,1659,1730,-11792,-1,1
25,192,637481,637481,1390275772.03,1390275772.03,62,1490,1856,-5205,1538,2047,-13292,1,1
24,25,637488,637493,1390275775.53,1390275778.03,62,1673,1949,14314,1505,1835,-4921,-1,6
25,220,637526,637529,1390275794.53,1390275796.03,62,1705,1785,13445,1533,1823,-7232,4,4
25,220,637537,637537,1390275800.03,1390275800.03,62,1540,1681,14694,1458,1808,-4178,1,1
25,220,637582,637605,1390275822.51,1390275834.01,62,567,2230,3325,755,2105,15963,15,23
25,220,637626,637630,1390275844.51,1390275846.51,62,671,1571,4794,621,1356,-2399,0,5
24,25,637642,637643,1390275852.51,1390275853.01,62,1079,1509,14891,1008,1612,-2155,-1,2
25,437,637677,637677,1390275870.01,1390275870.01,62,888,1991,-705,957,1837,-7921,-1,1
25,220,638020,638023,1390276041.52,1390276043.02,62,200,810,-7980,338,1060,9295,0,4
24,220,638301,638315,1390276182.01,1390276189.01,62,2251,648,-10123,2254,867,7431,0,12
24,25,638769,638769,1390276416,1390276416,62,851,1635,3591,848,1369,13394,1,1
24,25,638845,638854,1390276454,1390276458.5,62,511,1346,-5074,734,1417,13297,-3,9
192,215,639263,639268,1390276663,1390276665.5,62,857,2688,-3016,845,2448,-7790,-4,4
192,215,639273,639273,1390276668,1390276668,62,853,2702,-2392,737,2502,-11266,-1,1
192,49,639362,639363,1390276712.5,1390276713,62,851,2704,-2292,716,2835,8444,-2,2
49,215,639380,639385,1390276721.5,1390276724,62,1874,2842,-12604,1702,2838,-6264,1,6
49,215,639390,639390,1390276726.5,1390276726.5,62,1692,2754,-17305,1724,2967,-2966,1,1
24,192,639473,639477,1390276767.99,1390276769.99,62,793,2575,-8677,815,2749,780,4,4
24,49,639494,639505,1390276778.49,1390276783.99,62,1845,2861,10646,1651,2771,-17705,9,9
24,49,639524,639528,1390276793.49,1390276795.49,62,1753,2848,13791,1649,2749,-16254,4,4
24,192,639532,639536,1390276797.49,1390276799.49,62,1621,2630,14522,1474,2487,-10823,1,3
24,192,639547,639547,1390276804.99,1390276804.99,62,1145,2324,-15608,931,2436,-10192,1,1
24,49,639556,639586,1390276809.49,1390276824.48,62,1628,2601,-5926,1640,2749,-16530,24,24
24,49,639605,639614,1390276833.98,1390276838.48,62,1785,2842,9611,1638,2746,-16785,10,10
24,49,639641,639647,1390276851.98,1390276854.98,62,1603,2622,-8393,1669,2774,-16437,4,7
24,49,639672,639673,1390276867.48,1390276867.98,62,824,3113,10440,688,2900,-7855,0,2
24,49,639688,639692,1390276875.48,1390276877.48,62,555,2849,-985,660,2725,-14334,3,3
24,437,639827,639837,1390276944.98,1390276949.98,62,771,3184,-1338,977,3204,4655,9,9
24,220,639874,639876,1390276968.48,1390276969.48,62,910,3220,11958,817,3457,5154,-3,3
24,437,639895,639895,1390276978.98,1390276978.98,62,743,3247,-3808,981,3211,5078,1,1
220,437,639926,639928,1390276994.48,1390276995.48,62,925,3469,14187,981,3211,5077,3,3
220,437,639938,639941,1390277000.48,1390277001.98,62,897,3481,14987,981,3211,5077,3,3
24,220,639940,639943,1390277001.48,1390277002.98,62,725,3321,-3456,897,3483,15145,0,4
24,437,639941,639952,1390277001.98,1390277007.48,62,749,3317,-2240,981,3211,5111,12,12
24,220,639954,639954,1390277008.48,1390277008.48,62,822,3392,-4208,673,3494,15021,1,1
49,437,639970,639973,1390277016.48,1390277017.98,62,770,3362,-754,982,3211,5128,4,4
49,437,639979,639981,1390277020.98,1390277021.98,62,796,3209,-2089,981,3211,5077,3,3
49,437,640010,640010,1390277036.48,1390277036.48,62,723,3275,-3905,983,3211,5178,1,1
24,437,640024,640026,1390277043.48,1390277044.48,62,928,3389,9924,983,3211,5178,3,3
24,220,640041,640041,1390277051.98,1390277051.98,62,777,3600,12891,544,3583,-17878,1,1
24,220,640078,640078,1390277070.48,1390277070.48,62,811,3655,11991,534,3572,16521,1,1
24,220,640088,640144,1390277075.48,1390277103.48,62,461,3651,11071,476,3487,-16956,38,52
49,220,640095,640103,1390277078.98,1390277082.98,62,303,3397,-5760,465,3511,-16564,0,9
24,49,640098,640103,1390277080.48,1390277082.98,62,473,3639,9724,319,3411,-4387,-1,6
24,49,640107,640107,1390277084.98,1390277084.98,62,480,3656,10891,670,3749,-12605,-1,1
24,49,640142,640149,1390277102.48,1390277105.98,62,427,3662,14892,199,3565,-3748,-1,7
49,220,640144,640147,1390277103.48,1390277104.98,62,197,3511,-2471,472,3469,-16644,1,3
49,437,640153,640153,1390277107.98,1390277107.98,62,870,3687,6494,932,3512,-3421,1,1
24,220,640157,640157,1390277109.98,1390277109.98,62,162,3518,10591,155,3326,15521,1,1
24,220,640167,640178,1390277114.98,1390277120.48,62,147,3479,10166,152,3331,16545,7,8
24,220,640186,640187,1390277124.48,1390277124.98,62,201,3506,7041,140,3333,14621,2,2
49,220,640468,640468,1390277265.47,1390277265.47,62,50,3433,7194,180,3297,15521,1,1
49,220,640475,640475,1390277268.97,1390277268.97,62,388,3390,10994,183,3296,15721,1,1
49,220,640513,640516,1390277287.97,1390277289.47,62,252,3501,12313,174,3346,-4028,0,4
49,220,640729,640743,1390277395.96,1390277402.96,62,370,3144,-3401,366,3355,10385,-5,14
25,220,640740,640740,1390277401.46,1390277401.46,62,408,3595,14994,365,3358,10421,1,1
24,49,640741,640748,1390277401.96,1390277405.46,62,655,3242,-16596,586,3146,-1219,-4,4
49,220,640757,640758,1390277409.96,1390277410.46,62,422,3096,-8155,387,3322,12271,-1,2
24,220,640757,640788,1390277409.96,1390277425.46,62,450,3316,-17690,312,3247,4538,27,27
24,49,640763,640766,1390277412.96,1390277414.46,62,471,3332,-16983,582,3148,-7410,-4,4
24,25,640769,640778,1390277415.96,1390277420.46,62,459,3326,-17937,391,3509,12708,0,7
24,49,640793,640797,1390277427.96,1390277429.96,62,481,3399,14814,256,3422,4575,-2,5
24,220,640797,640804,1390277429.96,1390277433.46,62,411,3193,14024,323,3241,5425,-1,8
49,220,640799,640799,1390277430.96,1390277430.96,62,348,3319,9394,327,3240,4821,1,1
49,220,640804,640804,1390277433.46,1390277433.46,62,460,3116,12494,306,3236,7821,0,1
24,49,640804,640804,1390277433.46,1390277433.46,62,177,3061,-17208,460,3116,12494,-1,1
24,25,640810,640815,1390277436.46,1390277438.96,62,358,3509,-1448,474,3418,14994,3,5
24,220,640811,640814,1390277436.96,1390277438.46,62,367,3520,-1757,263,3286,-11327,-4,4
25,220,640819,640838,1390277440.96,1390277450.46,62,464,3369,-16654,253,3277,-10605,-18,18
24,25,640824,640838,1390277443.46,1390277450.46,62,458,3533,4943,463,3361,-16504,10,10
24,220,640859,640876,1390277460.96,1390277469.46,62,219,3388,9392,255,3270,-10007,0,17
25,220,640862,640867,1390277462.46,1390277464.96,62,458,3354,-16738,235,3259,-9828,-6,6
25,220,640872,640883,1390277467.46,1390277472.96,62,485,3358,-16959,306,3353,-9426,11,11
24,25,640874,640885,1390277468.46,1390277473.96,62,210,3303,813,487,3354,-17220,-1,7
24,220,640883,640883,1390277472.96,1390277472.96,62,171,3326,1091,361,3533,-6378,1,1
25,437,640897,640898,1390277479.96,1390277480.46,62,474,3338,16794,607,3202,-8921,-2,2
24,437,640899,640908,1390277480.96,1390277485.46,62,459,3546,164,567,3556,-13837,0,9
24,25,640903,640913,1390277482.96,1390277487.96,62,477,3555,-1096,414,3377,-14485,-10,10
25,437,640908,640913,1390277485.46,1390277487.96,62,410,3369,-14367,316,3621,12848,-3,5
24,25,640988,641003,1390277525.46,1390277532.96,62,749,3274,-10491,611,3366,5356,-3,16
24,220,641000,641011,1390277531.46,1390277536.96,62,797,3286,-7626,939,3423,12780,-3,10
24,25,641010,641011,1390277536.46,1390277536.96,62,847,3302,-6308,631,3341,5094,-2,2
24,49,641022,641031,1390277542.46,1390277546.96,62,724,3817,-15297,519,3880,1181,1,10
24,220,641071,641089,1390277566.96,1390277575.96,62,236,3247,-15514,121,3329,-8816,18,18
24,220,641105,641108,1390277583.96,1390277585.46,62,144,3517,15918,115,3347,-10178,-2,4
24,220,641277,641298,1390277669.97,1390277680.47,62,83,3492,9604,135,3345,-9019,2,22
24,220,641313,641313,1390277687.97,1390277687.97,62,199,3293,-9708,207,3375,-4778,1,1
192,220,641347,641355,1390277704.97,1390277708.97,62,1030,3262,2018,742,3374,7187,-9,9
192,220,641425,641439,1390277743.97,1390277750.97,62,967,3274,2613,835,3482,9472,-15,15
24,220,641561,641572,1390277811.94,1390277817.44,62,776,1275,-4758,834,1410,2939,8,8
24,220,641646,641658,1390277854.44,1390277860.44,62,1743,1160,-9223,1650,1371,8213,0,13
24,220,641669,641674,1390277865.94,1390277868.44,62,1798,1331,-12725,1643,1366,7987,6,6
24,192,641784,641789,1390277923.44,1390277925.94,62,778,1448,-15075,631,1585,8415,1,4
24,220,642405,642405,1390278233.95,1390278233.95,62,1941,1271,16991,1676,1401,9021,-1,1
24,220,642411,642420,1390278236.95,1390278241.45,62,1741,1185,-14585,1680,1408,9050,1,10
24,220,642425,642438,1390278243.95,1390278250.45,62,1796,1407,-10547,1665,1428,9292,8,14
49,220,642433,642434,1390278247.95,1390278248.45,62,1549,1687,3544,1659,1428,9021,2,2
24,49,642435,642435,1390278248.95,1390278248.95,62,1817,1494,-12408,1570,1634,5294,0,1
24,49,642443,642444,1390278252.95,1390278253.45,62,1708,1595,-16808,1551,1432,8194,2,2
49,220,642448,642448,1390278255.45,1390278255.45,62,1805,1241,-605,1682,1425,8921,-1,1
49,437,642467,642467,1390278264.95,1390278264.95,62,1811,955,12694,1694,672,-7421,0,1
220,437,642557,642560,1390278309.93,1390278311.44,62,1682,1386,8370,1863,1213,-13668,-1,4
192,220,642641,642643,1390278351.92,1390278352.92,62,1503,1481,3339,1681,1403,9921,3,3
24,25,642654,642660,1390278358.42,1390278361.42,62,951,1495,-5716,1077,1567,9409,-2,6
24,437,642671,642671,1390278366.92,1390278366.92,62,1536,2294,-4308,1521,2606,-11721,1,1
24,437,642677,642681,1390278369.92,1390278371.92,62,1564,2390,-6607,1520,2605,-11681,5,5
24,437,642767,642776,1390278414.92,1390278419.42,62,1514,2407,-3787,1522,2606,-11830,10,10
24,220,642807,642808,1390278434.92,1390278435.42,62,1099,2405,2040,1183,2224,-4178,-1,2
24,437,642810,642816,1390278436.42,1390278439.42,62,1509,2415,-2636,1522,2606,-11820,7,7
220,437,642833,642836,1390278447.92,1390278449.42,62,1532,2359,-4653,1521,2606,-11771,4,4
220,437,642843,642843,1390278452.92,1390278452.92,62,1598,2383,-5678,1521,2606,-11821,1,1
25,220,642851,642857,1390278456.92,1390278459.92,62,1441,2179,479,1567,2383,-11505,7,7
24,220,642869,642886,1390278465.92,1390278474.42,62,1138,2271,256,1307,2349,17543,0,18
25,220,642934,642946,1390278498.43,1390278504.43,62,823,1461,-8669,656,1532,11594,8,11
24,437,642940,642951,1390278501.43,1390278506.93,62,1719,2492,15868,1521,2606,-11732,9,9
24,437,643012,643013,1390278537.43,1390278537.93,62,1661,2733,13441,1576,2527,-11920,1,2
24,437,643057,643057,1390278559.93,1390278559.93,62,1920,2791,5491,2014,2931,-14021,-1,1
25,220,643130,643134,1390278596.43,1390278598.43,62,1940,1078,520,1863,885,-9098,-5,5
25,220,643141,643142,1390278601.93,1390278602.43,62,2083,1010,1794,1861,918,-9478,-2,2
24,220,643425,643428,1390278743.93,1390278745.43,62,1870,622,-12182,1770,902,9920,0,4
49,220,643495,643495,1390278778.92,1390278778.92,62,1890,1003,9794,1950,741,3921,1,1
25,49,643497,643497,1390278779.92,1390278779.92,62,1716,724,-305,1801,910,11994,-1,1
24,220,643500,643504,1390278781.42,1390278783.42,62,1821,678,-5641,1965,752,4254,3,3
49,220,643513,643551,1390278787.92,1390278806.92,62,1934,536,-6855,1938,616,8391,12,25
25,220,643520,643521,1390278791.42,1390278791.92,62,1721,725,-905,1958,599,7720,2,2
25,49,643520,643520,1390278791.42,1390278791.42,62,1720,727,-905,1796,550,-5605,1,1
25,220,643531,643547,1390278796.92,1390278804.92,62,1762,655,2331,1927,618,8512,12,12
25,49,643532,643534,1390278797.42,1390278798.42,62,1767,659,2094,2054,526,-10155,-2,2
25,49,643540,643546,1390278801.42,1390278804.42,62,1759,655,2253,2035,531,-10865,-4,5
25,220,643560,643560,1390278811.42,1390278811.42,62,1768,194,2494,1843,399,7021,1,1
25,220,643570,643586,1390278816.41,1390278824.4,62,1732,286,-191,1947,251,6255,15,15
25,49,643572,643588,1390278817.41,1390278825.4,62,1731,282,-268,1850,445,12007,-2,14
49,220,643576,643579,1390278819.41,1390278820.91,62,1897,471,11368,1944,250,6445,4,4
49,220,643595,643595,1390278828.9,1390278828.9,62,1731,257,3794,1900,263,9921,1,1
25,220,643621,643621,1390278841.9,1390278841.9,62,1749,262,-105,2010,189,5521,1,1
24,220,643700,643701,1390278881.41,1390278881.91,62,576,1957,1341,566,1755,14471,2,2
24,49,643731,643736,1390278896.91,1390278899.41,62,896,1549,-12326,799,1605,10066,3,4
49,220,644030,644040,1390279046.41,1390279051.41,62,2401,3385,6531,2541,3345,-6967,9,9
220,437,644173,644174,1390279117.91,1390279118.41,62,1436,3559,-16977,1236,3350,9378,2,2
220,437,644237,644263,1390279149.91,1390279162.91,62,1391,3435,15833,1242,3349,8885,27,27
24,220,644296,644326,1390279179.41,1390279194.41,62,174,2563,-6102,285,2682,9225,15,31
192,220,644400,644403,1390279231.41,1390279232.91,62,517,2497,14057,312,2534,8995,0,4
192,220,644549,644550,1390279305.9,1390279306.39,62,991,2491,-4892,750,2488,821,-2,2
192,437,644650,644653,1390279356.39,1390279357.89,62,804,2714,-723,611,2850,10677,-4,4
24,44,644951,644969,1390279506.89,1390279515.89,62,804,2610,-8787,844,2746,-977,19,19
24,44,645014,645017,1390279538.4,1390279539.9,62,763,2914,6564,845,2740,-228,4,4
24,44,645025,645057,1390279543.9,1390279559.9,62,756,2752,5566,888,2683,-5040,22,22
24,44,645064,645069,1390279563.4,1390279565.9,62,727,2556,874,903,2673,-6561,6,6
24,44,645078,645090,1390279570.4,1390279576.4,62,770,2772,-1697,926,2656,-7428,-1,10
24,44,645136,645161,1390279599.4,1390279611.9,62,805,2728,3581,933,2641,-7566,26,26
24,44,645169,645175,1390279615.9,1390279618.9,62,774,2478,1361,922,2619,-7278,5,5
24,44,645190,645192,1390279626.4,1390279627.4,62,997,2427,-15395,861,2315,2187,0,3
44,220,645197,645201,1390279629.9,1390279631.9,62,953,1924,5249,894,1755,-16437,5,5
24,44,645203,645203,1390279632.9,1390279632.9,62,843,2219,11791,957,1945,3621,1,1
24,220,645229,645229,1390279645.9,1390279645.9,62,654,2048,11291,486,1871,17621,1,1
24,220,645236,645239,1390279649.39,1390279650.89,62,613,1892,14541,455,1974,-6977,4,4
24,220,645244,645244,1390279653.39,1390279653.39,62,483,1958,-14608,519,2239,-5478,1,1
24,220,645494,645495,1390279778.39,1390279778.89,62,1526,1591,5341,1549,1414,-16327,2,2
24,220,645544,645550,1390279803.39,1390279806.37,62,1435,1737,15719,1491,1572,-10663,-7,7
24,25,645649,645649,1390279855.87,1390279855.87,62,1077,1511,3191,1276,1644,10494,0,1
25,220,645653,645670,1390279857.87,1390279866.37,62,1362,1603,3376,1430,1676,9053,-11,12
24,220,645715,645734,1390279888.87,1390279898.37,62,1486,1721,6906,1617,1560,-7728,3,20
24,220,645741,645757,1390279901.87,1390279909.87,62,1453,1580,7176,1630,1555,-8149,14,14
24,220,645765,645782,1390279913.87,1390279922.37,62,1631,1682,7132,1599,1569,-8160,-4,17
24,220,645805,645806,1390279933.87,1390279934.37,62,1565,1393,-13158,1517,1661,-7878,2,2
24,220,645812,645812,1390279937.37,1390279937.37,62,1506,1443,-13908,1514,1674,-9178,1,1
24,220,645864,645864,1390279963.37,1390279963.37,62,1305,1750,16691,1563,1686,-13778,-1,1
25,220,645898,645903,1390279980.37,1390279982.87,62,1351,1596,-817,1601,1664,-16628,0,6
24,220,645935,645946,1390279998.87,1390280004.37,62,1570,1477,-7792,1571,1690,10449,0,12
24,220,645951,645957,1390280006.87,1390280009.87,62,1518,1441,-9447,1620,1598,7221,2,5
24,220,645963,645973,1390280012.87,1390280017.87,62,1758,1550,-11159,1633,1598,7060,4,10
24,387,646065,646065,1390280063.87,1390280063.87,62,673,387,-13908,396,572,1231,-1,1
24,387,646076,646077,1390280069.37,1390280069.87,62,633,328,-10607,776,508,10631,-2,2
25,220,646154,646161,1390280108.37,1390280111.87,62,1599,1450,-430,1748,1318,-6365,-1,8
44,98,646185,646185,1390280123.87,1390280123.87,62,1370,4274,4021,1474,3943,8883,1,1
192,44,646195,646195,1390280128.87,1390280128.87,62,1139,3339,6007,1230,3585,11921,-1,1
44,98,646217,646223,1390280139.87,1390280142.87,62,1541,3355,6980,1801,3252,-17722,1,5
220,387,646220,646223,1390280141.37,1390280142.87,62,1784,1265,-14731,1527,1453,3230,-1,4
220,387,646228,646228,1390280145.37,1390280145.37,62,1815,1290,17721,1772,1062,4631,1,1
220,387,646236,646251,1390280149.37,1390280156.87,62,1739,1383,12996,1820,1209,-9920,-4,11
192,98,646286,646291,1390280174.37,1390280176.87,62,1125,3321,4676,1263,3460,17608,-4,4
220,387,646305,646305,1390280183.87,1390280183.87,62,1916,1252,-4278,2256,1265,2631,1,1
192,44,646323,646323,1390280192.87,1390280192.87,62,1068,3382,4307,1120,3549,9121,-1,1
220,387,646327,646330,1390280194.87,1390280196.37,62,1939,1313,-3728,2068,1441,-13339,4,4
44,98,646401,646406,1390280231.87,1390280234.37,62,1799,3693,16387,1644,3506,349,6,6
44,98,646408,646414,1390280235.37,1390280238.37,62,1790,3722,15530,1930,3569,-7216,-6,6
98,220,646577,646577,1390280319.86,1390280319.86,62,2765,1096,2083,2627,1314,8521,-1,1
98,220,646582,646621,1390280322.36,1390280341.86,62,2571,1247,-6328,2661,1326,6748,17,33
98,220,646648,646651,1390280355.36,1390280356.86,62,2816,1253,14908,2708,1190,10071,4,4
98,220,646656,646661,1390280359.36,1390280361.86,62,2636,1104,-13264,2706,1214,10237,-6,6
24,192,646670,646677,1390280366.36,1390280369.86,62,997,2302,-4467,1110,2431,-12033,6,6
98,220,646689,646722,1390280375.86,1390280392.36,62,2636,1080,-1791,2729,1209,9312,5,27
98,220,646731,646737,1390280396.86,1390280399.86,62,2695,1137,-3293,2786,1214,7254,4,6
98,220,646881,646891,1390280471.86,1390280476.86,62,2705,1879,11818,2665,1693,-14414,9,11
98,220,646909,646924,1390280485.86,1390280493.36,62,2510,1555,-4678,2674,1686,-17677,4,16
98,220,646926,646933,1390280494.36,1390280497.86,62,2886,1618,-10096,2650,1717,-17365,8,8
24,220,647275,647290,1390280668.85,1390280676.35,62,484,1926,-9086,521,2175,14692,-7,14
24,220,647319,647332,1390280690.85,1390280697.35,62,676,2153,-9522,633,2285,-827,12,14
24,98,647337,647338,1390280699.85,1390280700.35,62,906,2211,-7058,1113,2202,-12766,0,2
98,215,647338,647338,1390280700.35,1390280700.35,62,1112,2221,-13016,1151,2382,4633,0,1
24,220,647339,647340,1390280700.85,1390280701.35,62,855,2299,-8407,636,2296,-3027,0,2
24,98,647342,647345,1390280702.35,1390280703.85,62,881,2469,-3962,1014,2338,-12063,-4,4
98,220,647346,647352,1390280704.35,1390280707.35,62,736,2197,-15141,635,2307,-3177,6,7
98,220,647357,647358,1390280709.85,1390280710.35,62,719,2457,-11265,611,2338,-3827,-2,2
98,437,647369,647370,1390280715.85,1390280716.35,62,1041,3273,983,1252,3345,10128,1,2
24,220,647373,647391,1390280717.85,1390280726.85,62,631,2230,-11746,624,2431,-4572,17,17
24,220,647398,647412,1390280730.35,1390280737.35,62,647,2323,-11912,581,2498,-5047,8,8
24,220,647419,647424,1390280740.85,1390280743.35,62,631,2292,-14168,587,2539,-9077,3,3
24,98,647443,647447,1390280752.85,1390280754.85,62,413,3256,-16024,342,3044,-3749,-3,3
24,220,647512,647550,1390280787.35,1390280806.34,62,854,2182,-15292,715,2287,-2280,35,39
24,220,647562,647569,1390280812.34,1390280815.86,62,723,2132,-14883,686,2309,-890,8,8
98,437,647576,647580,1390280819.34,1390280821.34,62,1437,3460,17381,1259,3345,10297,5,5
24,44,647595,647601,1390280828.84,1390280831.84,62,973,1884,5817,887,1674,21,2,5
24,192,647602,647608,1390280832.34,1390280835.34,62,934,1690,9807,766,1510,-1966,0,6
24,192,647610,647615,1390280836.34,1390280838.84,62,936,1671,8161,1068,1520,-592,3,3
44,98,647798,647816,1390280930.34,1390280939.34,62,282,3276,-12080,240,3481,9557,-3,16
24,44,647892,647894,1390280977.34,1390280978.34,62,747,1327,14890,748,1108,-9444,-2,3
192,220,647901,647905,1390280981.84,1390280983.84,62,1193,2278,2869,1292,2099,-14038,-1,5
98,437,648025,648026,1390281043.83,1390281044.33,62,1906,4270,15233,1734,4088,-871,1,2
192,215,648059,648059,1390281060.83,1390281060.83,62,1456,1771,15007,1274,1739,-9166,1,1
98,220,648135,648153,1390281098.83,1390281107.83,62,1195,2038,331,1208,2034,-12715,8,14
98,220,648161,648179,1390281111.83,1390281120.83,62,611,1849,295,792,1878,13926,-1,14
25,98,648182,648183,1390281122.33,1390281122.83,62,879,1642,-15054,980,1811,9333,-2,2
25,220,648182,648208,1390281122.33,1390281135.34,62,832,1668,-14228,791,1888,13261,0,22
25,98,648193,648194,1390281127.83,1390281128.33,62,832,1684,-12554,1027,1664,17983,-2,2
98,220,648198,648212,1390281130.33,1390281137.34,62,819,1844,-12589,784,1901,13040,5,15
25,220,648213,648239,1390281137.84,1390281150.84,62,820,1699,-17232,764,1879,12866,3,22
25,98,648245,648282,1390281153.84,1390281172.34,62,745,1690,15106,710,1611,-5306,-11,24
98,220,648262,648278,1390281162.34,1390281170.34,62,618,1704,-1605,674,1878,14045,-7,13
215,437,648266,648269,1390281164.34,1390281165.84,62,2589,4106,-12534,2616,4312,13128,-1,4
98,387,648278,648281,1390281170.34,1390281171.84,62,653,1634,3384,891,1561,16530,-1,3
98,220,648291,648309,1390281176.84,1390281185.84,62,861,1923,14966,679,1840,8126,17,17
25,220,648293,648309,1390281177.84,1390281185.84,62,717,1666,16141,682,1836,7618,-17,17
25,98,648301,648302,1390281181.84,1390281182.34,62,725,1671,16393,841,1868,11583,-2,2
25,98,648316,648328,1390281189.34,1390281195.34,62,572,1760,-12880,606,1897,7980,0,8
25,220,648317,648321,1390281189.84,1390281191.84,62,577,1767,-12929,716,1828,7445,-4,4
25,98,648340,648350,1390281201.34,1390281206.34,62,443,1878,16054,521,1754,-7266,-11,11
25,215,648533,648533,1390281297.84,1390281297.84,62,435,2039,9094,259,2302,1833,-1,1
25,215,648546,648546,1390281304.33,1390281304.33,62,322,1949,-15705,363,2131,5733,-1,1
98,387,648581,648594,1390281321.83,1390281328.33,62,2098,4276,-16024,1999,4393,-75,3,12
44,215,648600,648601,1390281331.33,1390281331.83,62,690,1647,8770,619,1327,-7116,0,2
25,44,648601,648609,1390281331.83,1390281335.83,62,937,1525,15550,725,1560,6952,3,7
25,215,648607,648607,1390281334.83,1390281334.83,62,939,1532,15294,773,1314,-1566,0,1
44,215,648609,648610,1390281335.83,1390281336.33,62,719,1485,8171,789,1295,-1216,2,2
24,98,648610,648610,1390281336.33,1390281336.33,62,2064,607,-10208,2219,854,17683,-1,1
98,220,648611,648617,1390281336.83,1390281339.83,62,1989,891,-17900,1831,931,-5647,7,7
24,98,648637,648637,1390281349.83,1390281349.83,62,2267,1578,-10008,2321,1724,3883,1,1
98,220,648641,648641,1390281351.83,1390281351.83,62,1964,1017,14983,1834,965,-11678,1,1
215,220,648642,648642,1390281352.33,1390281352.33,62,1718,1224,5433,1834,959,-10678,0,1
98,220,648654,648654,1390281358.33,1390281358.33,62,1800,974,-5516,1860,1039,-11478,1,1
98,387,648665,648669,1390281363.83,1390281365.83,62,1758,1221,-7690,1758,1349,8508,0,4
220,387,648667,648670,1390281364.83,1390281366.33,62,1868,1026,-11378,1810,1316,8711,0,4
98,220,648671,648671,1390281366.83,1390281366.83,62,1903,1249,-1416,1869,1026,-11478,-1,1
98,220,648682,648691,1390281372.33,1390281376.83,62,1933,1128,10350,1872,1000,-11779,4,9
24,44,648685,648705,1390281373.83,1390281383.83,62,980,3904,-16444,821,4005,-3844,15,20
220,387,648704,648705,1390281383.33,1390281383.83,62,1847,993,-11328,1853,1141,631,2,2
25,98,648756,648758,1390281409.33,1390281410.33,62,944,1522,13227,767,1471,1381,0,3
25,98,648777,648787,1390281419.83,1390281424.83,62,898,1538,16384,776,1517,-4781,2,11
25,98,648816,648818,1390281439.33,1390281440.33,62,923,1538,15194,923,1690,9083,-2,2
98,220,648836,648845,1390281449.33,1390281453.83,62,1906,930,-5566,2049,1019,6995,8,8
98,220,648902,648921,1390281482.31,1390281491.81,62,2164,750,17416,2081,737,4007,5,18
25,44,649225,649225,1390281643.82,1390281643.82,62,919,1472,7794,1072,1671,-15778,-1,1
44,387,649294,649294,1390281678.32,1390281678.32,62,819,1294,-4878,744,1033,-11868,-1,1
25,44,649296,649301,1390281679.32,1390281681.82,62,967,1446,7960,804,1391,-6652,-3,4
25,387,649301,649306,1390281681.82,1390281684.32,62,979,1452,6968,753,1592,-1064,-4,4
44,387,649301,649301,1390281681.82,1390281681.82,62,804,1392,-6278,727,1539,-1768,0,1
98,387,649310,649311,1390281686.32,1390281686.82,62,394,1390,-4966,677,1480,1230,2,2
25,44,649312,649319,1390281687.32,1390281690.82,62,945,1440,10877,804,1367,-6528,0,6
44,387,649312,649315,1390281687.32,1390281688.82,62,805,1372,-6678,750,1495,1898,1,3
25,387,649314,649315,1390281688.32,1390281688.82,62,945,1441,10944,775,1497,2381,-2,2
44,98,649316,649319,1390281689.32,1390281690.82,62,800,1357,-6328,621,1394,-966,-2,2
25,387,649320,649322,1390281691.32,1390281692.32,62,939,1442,11660,809,1564,1275,-3,3
98,387,649320,649320,1390281691.32,1390281691.32,62,668,1402,-1216,777,1518,3631,1,1
25,98,649322,649324,1390281692.32,1390281693.32,62,941,1442,11694,788,1512,-2149,-3,3
25,44,649326,649331,1390281694.32,1390281696.82,62,942,1454,11693,794,1485,-6809,2,5
44,387,649331,649331,1390281696.82,1390281696.82,62,815,1586,-4878,807,1374,-16368,-1,1
25,387,649331,649334,1390281696.82,1390281698.32,62,960,1474,9826,771,1437,-11357,1,3
25,98,649345,649347,1390281703.82,1390281704.82,62,982,1499,11527,842,1590,-2982,-3,3
25,98,649367,649367,1390281714.82,1390281714.82,62,849,1508,15094,693,1488,-11716,1,1
220,437,649446,649446,1390281754.32,1390281754.32,62,2145,816,3321,1958,706,-1221,-1,1
25,178,649490,649490,1390281776.32,1390281776.32,62,864,1531,14094,691,1393,-1453,0,1
25,178,649500,649507,1390281781.32,1390281784.82,62,874,1508,13827,692,1392,-2036,0,6
98,387,649526,649539,1390281794.31,1390281800.81,62,1644,3540,6557,1652,3472,-10026,2,12
387,437,649553,649553,1390281807.81,1390281807.81,62,994,3444,15431,988,3180,4578,1,1
387,437,649559,649559,1390281810.81,1390281810.81,62,862,3380,11931,988,3180,4578,1,1
387,437,649573,649578,1390281817.81,1390281820.31,62,975,3386,10359,988,3179,4511,3,3
387,437,649617,649624,1390281839.81,1390281843.31,62,735,3194,-4141,989,3180,4478,8,8
25,98,649807,649807,1390281934.8,1390281934.8,62,915,1476,17294,805,1340,7983,1,1
387,437,649871,649882,1390281966.8,1390281972.3,62,570,3463,4980,772,3316,-16725,1,11
192,220,650095,650110,1390282078.8,1390282086.3,62,2375,895,17390,2172,791,7799,7,7
220,387,650114,650117,1390282088.3,1390282089.8,62,2164,781,4121,2169,1017,9280,-4,4
192,220,650116,650130,1390282089.3,1390282096.3,62,2385,863,12407,2159,780,4182,-10,13
192,387,650118,650124,1390282090.3,1390282093.3,62,2397,889,12764,2210,967,6387,-2,7
24,192,650142,650142,1390282102.3,1390282102.3,62,474,1422,11991,517,1165,-7292,0,1
220,387,650142,650145,1390282102.3,1390282103.8,62,2180,777,5446,2064,679,-4592,-4,4
192,387,650213,650216,1390282137.8,1390282139.3,62,1104,2395,-5853,1199,2210,-13217,-4,4
98,220,650215,650232,1390282138.8,1390282147.3,62,2373,859,16773,2259,834,-1843,3,17
98,220,650243,650244,1390282152.8,1390282153.3,62,2107,926,3083,2364,922,-4278,2,2
24,220,650249,650270,1390282155.8,1390282166.3,62,2396,1117,4488,2494,957,-7319,8,17
24,98,650258,650258,1390282160.3,1390282160.3,62,2399,1104,3991,2627,990,-12316,0,1
98,220,650258,650258,1390282160.3,1390282160.3,62,2627,990,-12316,2521,975,-6378,-1,1
98,220,650266,650266,1390282164.3,1390282164.3,62,2607,974,-13616,2440,876,-8078,0,1
24,98,650266,650266,1390282164.3,1390282164.3,62,2409,1144,4291,2607,974,-13616,0,1
25,387,650275,650283,1390282168.8,1390282172.8,62,124,1075,5308,266,1056,15836,2,7
25,387,650296,650296,1390282179.31,1390282179.31,62,129,1074,7294,29,903,1031,0,1
25,98,650306,650310,1390282184.31,1390282186.31,62,146,1068,7153,32,872,-8656,-4,5
25,387,650376,650378,1390282219.31,1390282220.31,62,155,822,-6038,234,979,8674,0,3
24,25,650507,650514,1390282284.81,1390282288.31,62,670,1122,11553,668,1404,5431,-8,8
24,25,650560,650562,1390282311.29,1390282312.29,62,1420,187,-14047,1248,140,4694,1,3
24,25,650575,650576,1390282318.79,1390282319.29,62,1416,215,-15808,1223,147,3794,2,2
192,98,650659,650659,1390282360.78,1390282360.78,62,1596,3197,17007,1803,3276,12483,-1,1
24,192,650698,650701,1390282380.28,1390282381.78,62,1565,3329,5641,1768,3208,-14991,0,2
25,387,650767,650775,1390282414.78,1390282418.78,62,275,1094,-14060,330,1272,10067,-8,9
98,437,650871,650871,1390282466.78,1390282466.78,62,298,3364,10583,130,3099,-2621,0,1
98,437,650873,650873,1390282467.78,1390282467.78,62,260,3201,9883,372,2978,1978,1,1
25,192,650874,650877,1390282468.28,1390282469.78,62,271,1081,-12905,370,1265,10268,-3,4
98,437,650914,650923,1390282488.28,1390282492.78,62,845,3099,9292,833,2949,2033,9,9
25,192,650925,650932,1390282493.78,1390282497.28,62,438,1212,-6605,477,1408,3665,1,8
24,98,650926,650953,1390282494.28,1390282507.78,62,813,2788,-10265,632,2780,1810,-18,22
24,437,650931,650953,1390282496.78,1390282507.78,62,808,2809,-9939,831,2958,2296,22,22
98,437,650956,650960,1390282509.28,1390282511.28,62,634,2881,-5150,825,2975,3178,5,5
24,98,650967,650969,1390282514.78,1390282515.78,62,965,3348,-1808,1149,3369,7249,3,3
98,437,651014,651014,1390282538.28,1390282538.28,62,962,3109,6483,908,3056,-221,-1,1
98,437,651021,651040,1390282541.78,1390282551.28,62,948,3173,8515,895,3054,-32,9,18
98,437,651045,651048,1390282553.78,1390282555.28,62,863,3214,13381,893,3054,-71,4,4
24,44,651074,651077,1390282568.29,1390282569.79,62,1550,3307,16791,1420,3496,11055,0,3
192,220,651103,651104,1390282582.79,1390282583.29,62,881,534,-1991,1067,385,9571,2,2
25,192,651107,651111,1390282584.79,1390282586.79,62,459,1202,-6504,636,1127,-13699,-4,5
24,44,651107,651122,1390282584.79,1390282592.29,62,1453,3438,-17015,1279,3359,9939,16,16
25,98,651122,651130,1390282592.29,1390282596.29,62,434,1208,-6119,560,1178,12330,2,7
24,44,651146,651146,1390282604.29,1390282604.29,62,1441,3487,15191,1255,3359,8621,1,1
25,98,651149,651161,1390282605.79,1390282611.79,62,553,1158,-1404,611,1163,13318,-4,11
24,44,651164,651168,1390282613.29,1390282615.29,62,1418,3442,14130,1239,3355,7740,5,5
24,44,651185,651200,1390282623.79,1390282631.29,62,1376,3502,17595,1229,3357,7664,16,16
25,263,651194,651195,1390282628.29,1390282628.79,62,547,1146,193,343,1233,5041,-2,2
24,44,651214,651230,1390282638.29,1390282646.29,62,1337,3594,14183,1237,3360,8391,17,17
24,44,651236,651259,1390282649.29,1390282660.79,62,1308,3579,14045,1235,3359,8316,20,20
220,263,651238,651241,1390282650.29,1390282651.79,62,1066,387,9346,1268,438,15241,-4,4
25,263,651251,651257,1390282656.79,1390282659.79,62,225,933,7394,256,699,-6833,-2,4
24,44,651269,651271,1390282665.79,1390282666.79,62,1347,3664,15156,1253,3381,9087,3,3
263,437,651279,651279,1390282670.79,1390282670.79,62,776,3272,9342,883,3061,4278,1,1
24,44,651280,651285,1390282671.29,1390282673.79,62,1363,3466,13490,1206,3363,8020,4,4
44,263,651288,651289,1390282675.29,1390282675.79,62,1011,3461,15921,978,3224,4092,2,2
24,44,651304,651304,1390282683.29,1390282683.29,62,926,3376,15691,760,3489,-778,-1,1
24,437,651306,651318,1390282684.29,1390282690.29,62,832,3233,11173,881,3054,4014,11,11
24,437,651357,651369,1390282709.79,1390282715.79,62,727,2980,-8323,890,3062,4077,13,13
24,44,651401,651411,1390282731.79,1390282736.79,62,1002,3543,-832,1202,3369,5483,8,8
24,44,651434,651449,1390282748.29,1390282755.79,62,1321,3436,16104,1191,3374,5071,14,14
44,220,651607,651611,1390282834.77,1390282836.77,62,1342,331,17946,1125,376,10920,4,4
25,98,651623,651627,1390282842.76,1390282844.76,62,751,1368,11193,665,1285,-10888,3,5
25,44,651626,651633,1390282844.26,1390282847.76,62,774,1365,11765,590,1132,-5731,-2,7
25,98,651656,651656,1390282859.26,1390282859.26,62,701,1342,11194,847,1387,15883,-1,1
24,98,651722,651723,1390282892.26,1390282892.76,62,715,1143,7241,593,946,16333,2,2
24,25,651760,651762,1390282911.26,1390282912.26,62,635,950,15824,565,748,7227,3,3
24,220,651948,651951,1390283005.27,1390283006.77,62,1114,458,6765,1351,355,-1911,3,3
25,44,651967,651969,1390283014.77,1390283015.77,62,882,1685,-6405,1062,1890,10224,1,3
220,592,652009,652012,1390283035.77,1390283037.27,62,412,2179,-17325,357,2381,11742,0,4
98,220,652059,652073,1390283060.77,1390283067.77,62,594,1333,-6547,741,1343,10702,1,13
25,592,652064,652068,1390283063.27,1390283065.27,62,914,1703,-6524,832,1972,2596,-1,5
25,98,652082,652091,1390283072.27,1390283076.77,62,906,1672,-6255,878,1856,5556,2,6
24,44,652165,652177,1390283113.77,1390283119.77,62,858,3331,-1766,1011,3276,6436,13,13
24,44,652182,652185,1390283122.27,1390283123.77,62,881,3347,689,1010,3297,7146,4,4
24,44,652193,652199,1390283127.77,1390283130.77,62,854,3475,-2598,977,3441,11793,7,7
25,263,652254,652254,1390283158.27,1390283158.27,62,872,1627,-4205,892,1424,-9257,-1,1
24,592,652269,652285,1390283165.77,1390283173.77,62,787,2713,-10515,639,2618,-4531,-13,14
263,437,652287,652287,1390283174.77,1390283174.77,62,1156,3725,10742,1164,3519,-1021,1,1
24,592,652291,652296,1390283176.77,1390283179.27,62,747,2804,-10427,622,2611,-939,-5,5
24,263,652299,652305,1390283180.77,1390283183.77,62,728,2879,-8533,561,2874,5145,-3,4
24,437,652338,652339,1390283200.27,1390283200.77,62,1047,3416,-108,1231,3348,9227,2,2
24,437,652344,652351,1390283203.27,1390283206.77,62,1113,3416,-108,1251,3347,9765,8,8
24,437,652444,652445,1390283253.27,1390283253.77,62,976,3498,-2858,1197,3338,6228,2,2
25,263,652474,652474,1390283268.27,1390283268.27,62,877,1684,-7305,729,1448,-1257,-1,1
25,263,652649,652649,1390283355.75,1390283355.75,62,868,1684,-7205,1034,1812,6542,1,1
24,437,652653,652667,1390283357.75,1390283364.75,62,1193,3592,254,1348,3493,-13461,-3,11
24,437,652682,652684,1390283372.25,1390283373.25,62,1566,3388,7824,1738,3389,-14002,-3,3
98,220,652697,652709,1390283379.75,1390283385.75,62,421,231,-10906,354,380,14493,10,11
24,25,652751,652815,1390283406.75,1390283438.75,62,892,1596,-15168,844,1697,-6414,39,56
24,263,652837,652845,1390283449.75,1390283453.75,62,635,1718,1296,777,1806,11631,1,7
24,25,652843,652848,1390283452.75,1390283455.25,62,657,1721,541,555,1566,-11737,-6,6
24,263,652850,652858,1390283456.25,1390283460.25,62,675,1723,128,758,1576,13806,8,8
24,25,652861,652871,1390283461.75,1390283466.75,62,683,1729,227,495,1635,-8604,-11,11
24,263,652870,652870,1390283466.25,1390283466.25,62,684,1729,191,840,1814,5242,1,1
24,25,652877,652877,1390283469.75,1390283469.75,62,521,1778,-1108,543,1615,-12005,-1,1
24,25,652895,652914,1390283478.75,1390283488.25,62,551,1994,-4283,635,2178,-16305,4,18
24,592,652961,652969,1390283511.75,1390283515.75,62,892,2068,-557,989,1868,-8822,-4,8
24,263,653035,653037,1390283548.75,1390283549.75,62,870,1381,14991,990,1586,9142,-3,3
24,263,653076,653076,1390283569.25,1390283569.25,62,1344,1738,10091,1549,1779,-14357,-1,1
220,263,653090,653098,1390283576.25,1390283580.25,62,296,240,982,323,349,11997,-2,8
25,263,653203,653203,1390283632.75,1390283632.75,62,872,2409,4694,687,2611,-57,-1,1
220,263,653214,653214,1390283638.25,1390283638.25,62,1698,3526,-14678,1944,3356,-10157,-1,1
220,263,653283,653283,1390283672.76,1390283672.76,62,2002,3334,1221,1732,3499,9542,-1,1
263,592,653294,653295,1390283678.26,1390283678.76,62,2278,2038,7742,2315,1862,17717,2,2
118,215,653535,653536,1390283798.73,1390283799.23,62,1947,1062,16279,1758,1195,6633,0,2
98,118,653544,653545,1390283803.23,1390283803.73,62,1747,1544,12033,1708,1274,-12520,1,2
263,592,653608,653608,1390283835.23,1390283835.23,62,492,3339,-10057,281,3373,-2282,0,1
98,592,653625,653629,1390283843.73,1390283845.73,62,802,2794,-7616,658,2938,5417,0,2
98,263,653631,653635,1390283846.73,1390283848.73,62,755,2868,-17391,513,2964,7912,0,5
98,592,653634,653640,1390283848.23,1390283851.23,62,686,2815,13432,646,2652,-1473,2,7
263,592,653635,653636,1390283848.73,1390283849.23,62,500,2819,11241,648,2665,-1882,2,2
98,263,653642,653645,1390283852.23,1390283853.73,62,619,2689,8483,785,2627,-8457,0,2
25,118,653776,653778,1390283919.23,1390283920.23,62,549,3640,8894,345,3659,3779,-3,3
25,118,653781,653782,1390283921.73,1390283922.23,62,551,3644,9144,636,3505,-2670,2,2
25,592,653795,653795,1390283928.73,1390283928.73,62,478,3792,8994,606,3550,-7982,0,1
44,263,653880,653889,1390283971.23,1390283975.73,62,1068,1743,-9689,1106,1933,9105,-1,9
24,44,653913,653921,1390283987.73,1390283991.73,62,862,2457,-11763,710,2304,-3033,-9,9
24,25,653970,653982,1390284016.24,1390284022.24,62,1194,3547,4480,1320,3629,10586,-6,13
44,437,653991,653991,1390284026.74,1390284026.74,62,1136,2203,-2078,1228,2494,-7421,1,1
24,215,654003,654003,1390284032.74,1390284032.74,62,1076,3492,4191,1051,3787,11933,-1,1
24,25,654003,654020,1390284032.74,1390284041.24,62,1123,3467,1746,1271,3610,13343,-8,17
192,118,654015,654016,1390284038.74,1390284039.24,62,994,1828,2407,1310,1737,17079,0,2
25,44,654019,654021,1390284040.74,1390284041.74,62,1277,3735,14894,1502,3638,-16078,-2,2
24,44,654023,654025,1390284042.74,1390284043.74,62,1369,3508,1992,1442,3653,-17678,-2,3
25,44,654032,654033,1390284047.24,1390284047.74,62,883,3383,9794,1052,3652,15920,-2,2
24,437,654043,654053,1390284052.74,1390284057.74,62,1345,2334,17036,1228,2495,-7275,11,11
25,44,654076,654089,1390284069.24,1390284075.74,62,807,3734,-441,965,3807,-11671,11,11
24,25,654123,654133,1390284092.74,1390284097.74,62,752,3285,-8945,582,3328,1605,-10,10
24,25,654138,654143,1390284100.24,1390284102.74,62,775,3305,-7890,557,3271,3907,-5,5
192,437,654178,654179,1390284120.24,1390284120.74,62,1072,2346,-1941,1233,2497,-7320,2,2
24,437,654188,654195,1390284125.24,1390284128.74,62,1370,2379,17316,1204,2476,-8934,8,8
24,44,654228,654231,1390284145.24,1390284146.74,62,789,2636,-9632,586,2807,3568,-2,4
44,263,654273,654273,1390284167.73,1390284167.73,62,2324,1998,-2878,2238,1723,-10157,-1,1
44,215,654373,654373,1390284217.73,1390284217.73,62,933,1858,-10278,961,2104,6633,0,1
25,263,654381,654383,1390284221.73,1390284222.73,62,404,4327,-7955,388,4469,16492,1,2
25,98,654397,654420,1390284229.73,1390284241.23,62,581,4275,-10374,440,4247,1235,-16,23
263,592,654417,654418,1390284239.73,1390284240.23,62,1572,1938,4442,1712,1717,-15282,0,2
263,592,654421,654422,1390284241.73,1390284242.23,62,1840,1817,9742,1718,1757,-10382,2,2
25,98,654427,654438,1390284244.73,1390284250.23,62,595,4298,-11621,468,4192,-1056,-12,12
25,98,654443,654446,1390284252.73,1390284254.23,62,607,4276,-10979,465,4237,-3640,-4,4
25,98,654451,654455,1390284256.73,1390284258.73,62,659,4267,-11205,507,4236,-316,-2,2
25,98,654461,654461,1390284261.73,1390284261.73,62,681,4285,-6505,779,4390,1583,1,1
25,98,654481,654512,1390284271.73,1390284287.21,62,571,4306,-10212,590,4351,8189,-13,27
25,98,654581,654599,1390284321.71,1390284330.71,62,1270,4250,-1631,1241,4389,10986,-18,18
25,592,654853,654863,1390284457.72,1390284462.72,62,1718,2092,13448,1578,1896,-5522,1,11
192,592,654855,654855,1390284458.72,1390284458.72,62,1717,1780,-15992,1541,1890,-7082,1,1
192,592,654861,654863,1390284461.72,1390284462.72,62,1745,1763,-15925,1670,1889,-2715,3,3
25,592,654873,654873,1390284467.72,1390284467.72,62,1680,2089,12994,1926,2155,17717,-1,1
192,592,654887,654887,1390284474.72,1390284474.72,62,952,1691,-5392,928,1924,12517,0,1
24,263,654900,654905,1390284481.22,1390284483.72,62,470,2087,-15386,316,2049,4721,4,5
25,263,654907,654909,1390284484.72,1390284485.72,62,979,1682,16394,812,1545,2093,1,3
24,592,654933,654940,1390284497.72,1390284501.22,62,411,2107,-7783,604,2186,14893,-4,8
24,263,654934,654936,1390284498.22,1390284499.22,62,420,2099,-8446,567,1926,17320,-3,3
263,592,654942,654944,1390284502.22,1390284503.22,62,464,1996,-5390,556,1997,10751,0,3
263,437,655280,655287,1390284671.21,1390284674.71,62,715,2889,-3431,871,2997,4065,8,8
24,25,655283,655308,1390284672.71,1390284685.21,62,640,830,8190,631,622,-11520,-7,25
220,263,655305,655308,1390284683.71,1390284685.21,62,708,3906,90,755,3742,-11304,-3,4
220,263,655313,655313,1390284687.71,1390284687.71,62,1083,3944,-1178,1175,4037,4042,1,1
24,25,655317,655325,1390284689.71,1390284693.71,62,560,473,-2798,688,607,-11533,7,7
24,25,655332,655342,1390284697.21,1390284702.21,62,598,502,-3663,725,612,-11738,9,9
215,437,655359,655359,1390284710.71,1390284710.71,62,710,3301,9933,877,2993,4678,1,1
25,98,655519,655533,1390284790.7,1390284797.7,62,438,71,-10425,266,119,4054,-10,15
25,263,655716,655716,1390284889.2,1390284889.2,62,760,1157,6794,547,1206,-3257,-1,1
44,263,655727,655729,1390284894.7,1390284895.7,62,845,1385,8720,716,1180,-1697,-1,3
192,220,656211,656212,1390285136.7,1390285137.2,62,2103,4065,8756,2117,3839,-8878,0,2
192,220,656218,656223,1390285140.2,1390285142.7,62,2071,4052,10162,2114,3812,-9244,0,3
118,437,656229,656231,1390285145.7,1390285146.7,62,701,2641,12,897,2639,-5921,3,3
220,263,656339,656348,1390285200.69,1390285205.19,62,480,3165,9611,534,2961,-9056,0,10
24,118,656352,656354,1390285207.19,1390285208.19,62,142,2370,14924,238,2195,-14526,-2,3
24,118,656359,656359,1390285210.69,1390285210.69,62,134,2434,12291,290,2395,-12720,-1,1
44,220,656360,656360,1390285211.19,1390285211.19,62,371,2837,-1778,442,3161,9421,1,1
44,437,656363,656364,1390285212.69,1390285213.19,62,690,2622,3021,896,2641,-5171,2,2
44,263,656366,656368,1390285214.19,1390285215.19,62,704,2595,2087,700,2814,7341,-3,3
44,263,656375,656376,1390285218.69,1390285219.19,62,706,2597,1321,783,2705,7142,-1,2
24,220,656378,656380,1390285220.19,1390285221.19,62,345,2836,-3142,449,3066,7887,0,3
44,437,656380,656385,1390285221.19,1390285223.69,62,689,2599,2261,916,2631,-6620,5,5
24,220,656396,656421,1390285229.19,1390285241.69,62,641,3075,-11470,498,3119,3809,-5,25
263,437,656419,656425,1390285240.69,1390285243.69,62,939,2545,-12667,785,2596,-6121,3,6
24,220,656426,656434,1390285244.19,1390285248.19,62,537,3183,17228,493,3003,3671,8,8
220,263,656427,656428,1390285244.69,1390285245.19,62,499,3007,3671,694,2810,-11107,0,2
220,437,656428,656445,1390285245.19,1390285253.69,62,491,2970,6624,571,2727,-6864,2,10
24,263,656431,656431,1390285246.69,1390285246.69,62,535,3182,16491,768,3082,-9157,-1,1
24,118,656433,656448,1390285247.69,1390285255.19,62,544,3166,-16846,435,3202,6500,1,10
118,263,656436,656438,1390285249.19,1390285250.19,62,504,3260,11046,724,3292,-14929,-3,3
118,220,656438,656446,1390285250.19,1390285254.19,62,421,3154,3748,495,2939,11927,6,6
24,437,656442,656444,1390285252.19,1390285253.19,62,548,3163,-16207,724,2985,-6321,-2,2
118,437,656445,656445,1390285253.69,1390285253.69,62,421,3122,1879,714,2947,-15021,0,1
118,263,656445,656448,1390285253.69,1390285255.19,62,467,3107,2012,529,3298,14175,-3,3
24,263,656446,656448,1390285254.19,1390285255.19,62,554,3170,-16608,529,3288,13875,1,3
118,263,656454,656457,1390285258.2,1390285259.7,62,521,2856,15161,351,2946,6642,-1,3
24,263,656455,656455,1390285258.7,1390285258.7,62,546,3170,-15708,325,3019,10342,1,1
220,263,656457,656461,1390285259.7,1390285261.7,62,522,2944,14420,392,3011,1093,-2,5
118,220,656462,656463,1390285262.2,1390285262.7,62,295,2833,-4620,526,2936,14571,0,2
118,220,656465,656467,1390285263.7,1390285264.7,62,595,2836,-5188,514,2940,13587,1,3
118,263,656465,656465,1390285263.7,1390285263.7,62,571,2780,-3920,776,2815,7242,1,1
44,220,656525,656552,1390285293.68,1390285307.18,62,1731,1503,15344,1495,1457,2711,0,26
25,98,656630,656632,1390285346.18,1390285347.18,62,660,817,-12105,501,857,1283,0,2
25,98,656645,656649,1390285353.68,1390285355.68,62,672,868,-12605,510,918,3870,1,4
25,98,656655,656655,1390285358.68,1390285358.68,62,672,868,-12305,490,1041,-916,0,1
24,263,656841,656847,1390285451.68,1390285454.68,62,1323,3476,3263,1471,3507,-15751,-2,7
263,592,656845,656851,1390285453.68,1390285456.68,62,1299,3523,16732,1160,3663,2521,-3,7
24,263,656871,656879,1390285466.68,1390285470.68,62,1698,3172,4990,1796,3063,-10646,0,8
24,592,656886,656888,1390285474.18,1390285475.18,62,1731,3073,5257,1839,2877,10483,3,3
263,592,656902,656907,1390285482.19,1390285484.69,62,1717,2484,-3808,1741,2694,-14118,6,6
24,592,656902,656910,1390285482.19,1390285486.19,62,1796,2811,12457,1781,2707,-12921,3,6
24,263,656905,656915,1390285483.69,1390285488.69,62,1776,2760,12266,1780,2579,-6171,-1,8
263,592,656920,656921,1390285491.19,1390285491.69,62,2237,2929,-6307,2487,3027,717,2,2
24,263,657125,657125,1390285593.67,1390285593.67,62,1128,2417,-17408,1131,2252,1442,1,1
24,25,657159,657159,1390285610.67,1390285610.67,62,824,1371,15291,630,1182,-9805,-1,1
24,25,657192,657192,1390285627.17,1390285627.17,62,822,1313,14391,685,1367,-6605,1,1
24,25,657198,657230,1390285630.17,1390285646.18,62,803,1322,15501,667,1372,-7083,28,28
24,25,657248,657253,1390285655.18,1390285657.68,62,901,1429,-12739,702,1395,-2188,-2,6
24,25,657266,657277,1390285664.18,1390285669.68,62,862,1527,8475,702,1401,-2546,-8,12
98,215,657290,657290,1390285676.18,1390285676.18,62,2314,4394,7883,2315,4182,12933,1,1
98,215,657295,657295,1390285678.68,1390285678.68,62,2360,4335,6483,2328,4220,-12366,0,1
98,215,657329,657335,1390285695.68,1390285698.68,62,2324,4294,1599,2347,4178,15788,6,7
98,220,657418,657437,1390285740.18,1390285749.68,62,334,666,-892,440,611,-12092,0,18
25,98,657433,657439,1390285747.68,1390285750.68,62,654,1070,13722,530,904,-6097,2,7
437,592,657439,657439,1390285750.68,1390285750.68,62,1288,3343,11878,1383,3647,5917,-1,1
24,437,657452,657459,1390285757.18,1390285760.68,62,1447,3560,-17508,1288,3342,11790,8,8
24,592,657452,657453,1390285757.18,1390285757.68,62,1478,3557,-16708,1291,3596,9516,2,2
437,592,657459,657476,1390285760.68,1390285769.18,62,1289,3342,11899,1177,3488,5682,-14,14
24,592,657459,657461,1390285760.68,1390285761.68,62,1422,3573,-17375,1201,3565,5817,2,3
24,592,657484,657484,1390285773.18,1390285773.18,62,1302,3571,14591,1242,3404,3617,1,1
24,592,657494,657496,1390285778.16,1390285779.16,62,1149,3615,13624,1180,3427,4215,3,3
437,592,657495,657497,1390285778.66,1390285779.66,62,1294,3339,12044,1164,3428,5284,-3,3
24,592,657524,657530,1390285793.16,1390285796.16,62,780,2673,-11131,694,2802,7608,0,4
215,437,657535,657537,1390285798.66,1390285799.66,62,1538,3428,-14916,1292,3341,11978,2,2
24,98,657538,657553,1390285800.16,1390285807.66,62,740,2924,-7288,657,3070,8296,-2,14
98,437,657564,657586,1390285813.17,1390285824.17,62,1145,3400,2217,1305,3345,11727,20,22
98,437,657595,657608,1390285828.67,1390285835.17,62,1667,3261,5929,1727,3111,14916,8,10
215,592,657603,657628,1390285832.67,1390285845.17,62,970,1582,17500,840,1723,2969,-20,25
24,98,657612,657627,1390285837.17,1390285844.67,62,1631,2424,-3457,1710,2531,13443,-3,16
215,592,657638,657638,1390285850.17,1390285850.17,62,726,1657,-17166,613,1421,7217,1,1
215,592,657643,657643,1390285852.67,1390285852.67,62,709,1629,15933,627,1408,6417,1,1
98,215,657677,657677,1390285869.67,1390285869.67,62,167,4231,6683,478,4106,-966,1,1
24,98,657691,657692,1390285876.67,1390285877.17,62,766,2283,13191,830,2594,7033,-2,2
24,592,657702,657710,1390285882.17,1390285886.17,62,764,1567,9778,650,1399,-1650,1,8
24,592,657717,657734,1390285889.67,1390285898.17,62,765,1561,11700,567,1559,-995,-9,18
25,592,657737,657737,1390285899.67,1390285899.67,62,651,1067,13294,649,1322,1817,-1,1
24,98,657745,657746,1390285903.67,1390285904.17,62,770,1474,7991,848,1759,13332,-2,2
24,25,657751,657775,1390285906.67,1390285918.67,62,700,1340,6387,642,1074,12847,25,25
24,98,657753,657757,1390285907.67,1390285909.67,62,702,1340,6257,835,1444,11782,-3,3
192,220,657821,657821,1390285941.67,1390285941.67,62,649,625,-16992,467,621,-10878,1,1
24,192,657825,657825,1390285943.67,1390285943.67,62,1034,1482,3991,735,1531,-5092,-1,1
24,592,657835,657840,1390285948.67,1390285951.17,62,684,1341,7233,865,1435,15313,-5,5
44,220,657862,657862,1390285962.17,1390285962.17,62,339,835,9721,467,610,-11378,0,1
215,220,657872,657874,1390285967.17,1390285968.17,62,517,831,13065,465,609,-11378,0,3
192,220,657972,657972,1390286017.16,1390286017.16,62,543,761,-17592,459,603,-12578,0,1
24,25,658153,658176,1390286107.66,1390286119.16,62,799,315,-16586,726,554,9746,3,21
192,220,658167,658178,1390286114.66,1390286120.16,62,465,916,7677,360,709,15592,12,12
24,25,658181,658215,1390286121.66,1390286138.66,62,804,339,-13836,715,558,10118,-2,24
192,220,658183,658187,1390286122.66,1390286124.66,62,444,872,7904,363,707,15921,4,4
25,192,658190,658191,1390286126.16,1390286126.66,62,716,553,10044,591,744,5007,-2,2
24,192,658193,658194,1390286127.66,1390286128.16,62,788,347,-13908,598,422,7756,1,2
25,220,658230,658234,1390286146.16,1390286148.16,62,569,677,-16980,330,651,11346,4,4
25,220,658253,658261,1390286157.66,1390286161.66,62,521,664,17438,315,650,10109,9,9
25,592,658261,658283,1390286161.66,1390286172.66,62,641,830,-10814,447,814,1661,-10,15
220,592,658261,658267,1390286161.66,1390286164.66,62,316,648,10378,315,883,4431,-7,7
25,220,658266,658266,1390286164.16,1390286164.16,62,564,778,-12805,318,647,10621,1,1
44,220,658396,658398,1390286229.16,1390286230.16,62,303,369,-7080,323,635,9687,0,3
25,592,658474,658490,1390286268.16,1390286276.15,62,1210,1771,-10914,1071,1611,-4897,-15,15
24,192,658486,658486,1390286274.15,1390286274.15,62,1342,3469,17991,1222,3356,6707,1,1
24,192,658520,658520,1390286291.15,1390286291.15,62,1342,3425,17391,1147,3424,7207,1,1
25,44,658522,658522,1390286292.15,1390286292.15,62,1354,1599,6794,1533,1443,-17378,0,1
44,220,658554,658554,1390286308.15,1390286308.15,62,1746,706,10721,1538,429,-2178,-1,1
220,592,658560,658562,1390286311.15,1390286312.15,62,1574,489,-143,1505,307,-8381,-3,3
24,263,658568,658579,1390286315.15,1390286320.65,62,1448,3441,6260,1604,3391,-13655,-3,12
220,592,658580,658580,1390286321.15,1390286321.15,62,1485,369,821,1542,245,-9582,-1,1
220,592,658583,658597,1390286322.65,1390286329.65,62,1669,490,-3513,1780,399,-10490,-9,12
25,592,658698,658707,1390286380.15,1390286384.65,62,2676,1647,-12725,2523,1560,-1685,-9,10
25,263,658701,658710,1390286381.65,1390286386.15,62,2679,1648,-13413,2476,1659,3271,1,10
